7 134 8
0 0
0 0
0 0
0 0
0 0
0 0
0 0
0 0
0 1 2 3 4 5 6 7 8 9 10 11 12 13 14 15 16 17 18 19 20 21 22 23 24 25 26 27 28 29 30 31 32 33 34 35 36 37 38 39 40 41 42 43 44 45 46 47 48 49 50 51 52 53 54 55 56 57 58 59 60 61 62 63 64 65 66 67 68 69 70 71 72 73 74 75 76 77 78 79 80 81 82 83 84 85 86 87 88 89 90 91 92 93 94 95 96 97 98 99 100 101 102 103 104 105 106 107 108 109 110 111 112 113 114 115 116 117 118 119 120 121 122 123 124 125 126 127 128 129 130 131 132 133 134 135 136 137 138 139 140 141 142 143 144 145 146 147 148 149 150 151 152 153 154 155 156 157 158 159 160 161 162 163 164 165 166 167 168 169 170 171 172 173 174 175 176 177 178 179 180 181 182 183 184 185 186 187 188 189 190 191 192 193 194 195 196 197 198 199 200 201 202 203 204 205 206 207 208 209 210 211 212 213 214 215 216 217 218 219 220 221 222 223 224 225 226 227 228 229 230 231 232 233 234 235 236 237 238 239 240 241 242 243 244 245 246 247 248 249 250 251 252 253 254 255 256 257 258 259 260 261 262 263 264 265 266 267
201 99 38 50 172 252 257 214 215 115 178 202 125 256 96 1 138 200 135 182 56 262 64 127 213 4 84 34 173 94 176 143 35 32 123 208 14 179 177 150 265 207 148 247 27 180 122 3 53 255 55 156 13 219 52 241 205 166 88 164 103 101 113 78 116 89 107 142 30 197 155 114 6 95 243 169 46 186 258 83 22 37 90 33 212 216 236 85 221 72 194 231 227 211 86 31 111 131 187 157 225 263 244 147 87 134 228 62 39 154 21 210 234 54 43 160 242 217 109 196 25 189 120 163 41 165 17 47 199 92 124 203 42 198 251 193 15 51 137 10 26 162 249 24 100 133 9 49 45 238 128 151 233 11 239 5 184 119 235 7 121 253 76 110 44 40 130 60 0 12 224 190 259 28 23 112 218 168 204 144 246 192 174 266 183 139 223 57 71 93 74 230 132 61 104 254 108 73 209 91 80 161 181 36 8 159 118 77 67 267 264 106 136 68 141 105 226 16 145 70 245 195 79 153 171 175 146 126 250 232 2 102 222 248 48 20 29 75 260 129 65 18 240 229 170 117 82 149 140 185 167 98 97 158 261 206 69 19 237 59 220 81 188 66 191 63 58 152
177 102 28 111 22 39 207 267 238 138 89 80 66 234 132 31 176 190 211 134 184 21 224 116 166 12 27 244 82 67 58 247 110 47 114 215 77 52 261 197 119 142 230 148 14 160 266 233 159 44 212 164 205 217 263 94 103 253 232 4 13 204 163 172 83 23 113 248 70 162 256 46 61 124 79 198 192 156 99 50 251 144 189 137 90 86 109 185 108 25 213 38 200 222 75 87 55 76 254 128 140 170 240 143 73 93 130 9 18 265 262 226 49 88 182 223 64 157 42 36 175 216 229 106 231 104 191 107 45 101 96 218 92 100 33 202 68 16 69 214 120 122 193 195 29 34 257 152 203 186 243 62 112 180 43 235 135 127 258 118 48 41 136 85 74 59 105 174 146 32 78 210 2 24 51 196 84 97 56 252 1 264 219 173 194 26 151 72 228 20 250 209 115 53 133 131 199 37 158 147 98 187 255 6 155 145 259 40 221 206 8 139 165 15 30 237 81 171 249 17 201 117 260 141 236 126 19 121 91 95 71 123 169 125 129 149 0 208 168 183 227 5 188 63 239 35 245 153 10 246 11 3 57 150 54 7 181 242 178 225 220 179 161 60 167 241 154 65
6 183 163 47 238 265 161 254 247 257 194 28 71 234 176 229 153 26 224 122 259 262 185 101 67 10 3 8 181 127 105 100 252 142 173 115 1 136 52 197 57 230 189 193 168 266 135 59 94 43 51 78 12 89 117 139 250 88 54 44 258 98 125 180 206 5 62 134 87 30 7 96 18 175 81 66 184 220 103 218 35 27 138 212 231 79 165 240 41 141 239 37 242 202 133 9 85 36 221 120 113 228 137 260 186 195 147 92 60 188 187 248 159 21 204 116 158 237 174 40 267 244 75 130 95 143 24 0 58 53 4 145 208 233 249 243 210 73 29 169 31 160 119 205 166 118 109 99 192 46 63 256 112 144 227 132 154 124 196 148 157 149 74 199 50 65 70 164 34 84 162 16 13 15 129 45 11 19 253 232 190 198 107 200 214 82 83 131 114 102 236 245 219 177 42 246 241 217 106 178 55 152 140 215 223 25 93 213 33 255 261 226 264 77 121 68 216 235 32 156 167 251 76 91 20 86 90 209 211 170 201 191 17 56 123 171 151 225 155 182 111 72 146 128 64 38 110 104 203 126 222 207 97 61 108 179 48 69 80 172 2 49 263 39 14 150 23 22
178 177 121 100 72 239 144 149 237 141 137 206 150 4 73 139 189 52 249 128 218 67 2 234 101 217 130 99 37 85 19 211 152 229 207 210 170 176 56 253 54 80 79 76 165 159 50 117 91 115 29 88 102 265 118 156 214 246 264 244 93 107 219 194 180 92 103 28 30 202 151 7 39 228 48 32 216 89 266 155 125 112 53 17 77 160 168 224 116 81 51 215 182 9 157 46 153 241 105 0 35 233 245 68 208 181 222 120 1 154 200 136 220 123 75 163 94 256 96 140 261 84 55 184 185 201 24 195 255 62 262 147 66 179 18 114 232 199 231 86 127 146 11 40 196 78 242 209 113 243 193 23 236 14 25 43 16 162 131 74 250 129 132 188 82 15 135 142 59 183 22 258 259 98 205 221 148 69 8 119 187 61 36 104 260 63 254 5 169 213 20 145 42 71 64 10 175 111 225 95 226 12 21 161 173 70 197 198 126 49 240 167 38 192 212 158 172 6 203 83 47 108 223 57 174 190 44 227 257 26 122 3 34 27 191 248 87 133 143 252 238 263 186 235 138 124 164 90 97 171 267 134 110 31 58 65 247 45 109 251 204 41 230 60 166 33 106 13
72 213 117 138 189 5 180 221 42 237 48 119 170 168 242 183 122 13 12 159 261 211 152 210 107 74 198 179 190 102 30 160 254 6 244 220 205 93 44 145 187 169 124 266 228 267 8 59 161 45 47 173 136 75 100 7 112 32 1 49 129 38 43 14 231 23 39 163 256 148 33 15 249 193 194 199 18 84 227 216 106 133 172 54 176 222 20 223 65 217 19 232 109 264 82 248 130 40 134 69 131 50 98 62 203 240 29 143 141 251 68 91 257 132 3 142 28 66 103 235 115 243 245 90 96 137 55 61 155 139 246 27 184 99 21 209 201 83 226 10 195 174 92 247 171 191 81 67 95 22 151 56 89 233 234 262 35 94 153 259 46 110 182 70 85 71 144 149 123 181 77 53 147 105 146 208 135 214 206 24 16 207 120 177 230 79 196 57 164 118 204 31 253 219 41 127 126 11 64 156 258 34 63 255 218 114 86 157 225 104 215 224 212 197 17 116 125 128 175 111 25 113 9 167 165 154 241 250 263 202 166 239 76 0 121 178 140 158 52 97 192 51 108 150 236 252 186 238 37 58 200 88 188 36 229 2 78 260 80 185 162 87 4 60 26 265 73 101
263 237 214 128 35 60 205 12 34 45 132 171 193 65 201 84 8 233 248 258 130 73 150 109 163 96 7 217 120 82 30 89 215 20 159 71 33 226 50 170 114 69 125 208 122 203 184 68 9 211 234 79 44 121 13 75 238 251 110 172 86 266 245 225 61 47 240 190 147 165 196 167 49 194 230 152 92 178 54 180 72 191 183 176 204 187 98 43 41 216 95 212 246 154 10 197 210 173 39 252 14 136 117 116 66 247 141 103 78 195 29 36 200 42 161 143 102 213 37 124 11 119 101 85 112 262 105 199 67 126 100 118 265 220 231 259 198 38 25 131 207 151 257 113 2 108 88 253 242 28 185 74 188 32 55 93 243 181 139 227 27 62 15 209 241 48 17 21 179 107 249 224 59 219 76 63 142 256 40 250 160 155 175 144 83 153 145 31 137 223 97 260 70 127 158 23 91 134 24 115 222 254 0 1 140 56 221 169 244 51 146 4 133 87 111 218 94 261 166 148 52 18 90 46 156 264 5 99 58 26 186 189 138 3 192 229 164 104 149 267 236 123 255 174 106 16 57 53 239 168 235 64 157 135 81 22 77 6 206 232 177 162 80 202 182 19 129 228
0 0
1 2
2 7
3 0
4 0
5 0
6 0
7 2
8 0
9 2
10 0
11 2
12 6
13 0
14 0
15 6
16 4
17 0
18 0
19 3
20 1
21 0
22 2
23 2
24 0
25 2
26 0
27 0
28 2
29 2
30 6
31 0
32 2
33 2
34 1
35 2
36 1
37 7
38 0
39 2
40 2
41 0
42 0
43 4
44 0
45 0
46 0
47 7
48 0
49 2
50 2
51 0
52 0
53 0
54 2
55 0
56 5
57 0
58 2
59 0
60 0
61 0
62 6
63 0
64 7
65 1
66 0
67 0
68 2
69 1
70 0
71 0
72 0
73 0
74 2
75 0
76 0
77 6
78 2
79 2
80 0
81 4
82 0
83 6
84 2
85 1
86 2
87 2
88 6
89 0
90 0
91 0
92 6
93 0
94 0
95 0
96 0
97 1
98 0
99 0
100 0
101 6
102 0
103 2
104 0
105 0
106 0
107 0
108 0
109 0
110 0
111 0
112 7
113 0
114 0
115 2
116 0
117 0
118 0
119 0
120 0
121 0
122 6
123 1
124 0
125 2
126 0
127 0
128 0
129 7
130 0
131 0
132 0
133 0
134 4
135 2
136 2
137 0
138 0
139 6
140 0
141 1
142 0
143 0
144 0
145 0
146 1
147 2
148 4
149 0
150 0
151 0
152 0
153 0
154 0
155 0
156 2
157 0
158 0
159 1
160 0
161 2
162 0
163 1
164 0
165 2
166 0
167 0
168 2
169 0
170 0
171 0
172 0
173 3
174 0
175 2
176 0
177 2
178 2
179 0
180 2
181 1
182 2
183 0
184 1
185 1
186 2
187 0
188 2
189 0
190 0
191 0
192 2
193 2
194 3
195 0
196 0
197 0
198 0
199 0
200 7
201 6
202 0
203 0
204 0
205 0
206 0
207 0
208 1
209 0
210 0
211 0
212 0
213 0
214 2
215 0
216 0
217 0
218 0
219 2
220 2
221 0
222 2
223 0
224 0
225 2
226 0
227 0
228 0
229 7
230 0
231 0
232 0
233 0
234 3
235 2
236 0
237 2
238 2
239 0
240 0
241 2
242 0
243 0
244 0
245 2
246 0
247 0
248 0
249 0
250 6
251 1
252 0
253 0
254 0
255 2
256 2
257 1
258 2
259 2
260 0
261 7
262 0
263 0
264 0
265 0
266 4
267 0
