25 25 2
0 0
0 0
0 1 2 3 4 5 6 7 8 9 10 11 12 13 14 15 16 17 18 19 20 21 22 23 24 25 26 27 28 29 30 31 32 33 34 35 36 37 38 39 40 41 42 43 44 45 46 47 48 49 50 51 52 53
1 3 0 4 5 2 6 7 8 9 13 10 11 12 20 14 17 22 16 15 19 21 18 30 24 23 25 26 28 27 29 31 35 34 33 32 36 38 41 37 39 42 40 45 43 44 50 47 46 51 49 48 53 52
1 3 0 4 5 2 6 7 8 9 12 15 10 13 14 11 19 20 16 17 23 18 21 22 30 24 31 25 26 28 27 35 32 33 38 29 34 36 41 40 39 37 42 45 43 51 47 44 50 46 48 49 52 53
4 0 1 3 5 2 6 7 10 9 8 12 13 11 17 14 23 16 20 15 21 22 30 18 24 19 27 29 25 26 28 35 33 36 34 31 32 40 43 37 41 42 38 39 47 44 45 50 46 49 48 53 51 52
3 4 0 1 5 2 6 7 8 9 15 10 12 13 11 14 17 16 20 22 23 18 21 19 25 24 26 27 30 29 28 33 35 32 31 36 34 38 40 41 37 44 43 39 42 47 45 46 50 49 52 53 48 51
3 4 0 5 2 6 1 7 8 10 12 15 9 20 11 13 14 21 16 17 19 22 18 30 23 24 25 26 27 29 35 28 34 33 32 31 36 38 37 41 42 39 40 43 50 47 44 45 51 46 49 48 53 52
1 2 0 4 3 6 5 7 10 9 8 13 15 19 14 20 17 18 12 25 24 11 21 35 22 27 23 31 30 28 16 29 36 37 40 33 26 34 32 50 39 43 38 41 47 45 52 42 51 44 49 53 48 46
1 3 0 4 5 2 6 9 7 10 8 12 13 18 20 14 11 21 15 16 17 23 31 19 22 30 24 25 28 29 35 34 27 33 36 38 26 37 32 41 39 45 40 43 42 50 47 46 51 44 48 49 52 53
1 3 0 4 5 6 2 7 8 10 12 13 9 14 20 11 21 17 15 16 22 18 30 19 24 23 25 26 28 31 27 35 34 29 33 36 38 32 41 37 39 44 40 43 45 42 47 50 46 51 49 48 53 52
1 3 0 4 5 2 8 6 7 9 15 10 12 13 11 14 20 25 16 18 17 23 21 19 22 30 24 26 34 27 40 28 31 29 35 33 37 36 32 38 41 39 43 42 47 50 44 45 51 48 46 49 52 53
1 3 0 4 6 7 5 2 10 9 8 12 13 15 19 20 14 11 16 22 23 21 30 17 18 35 25 32 28 24 27 34 26 33 31 36 37 38 29 40 41 43 39 51 47 44 42 45 50 46 48 49 52 53
3 4 0 1 5 2 6 7 10 9 8 12 13 20 11 14 17 16 23 15 18 19 21 30 22 26 25 27 28 29 24 33 34 31 35 36 32 38 42 41 37 40 43 39 47 50 44 45 46 49 51 48 53 52
1 0 2 4 5 3 8 6 7 9 14 10 13 11 12 15 19 20 16 21 17 22 24 18 23 26 25 27 32 36 30 34 33 28 29 35 31 38 37 41 40 42 43 51 44 47 39 50 45 46 52 48 49 53
3 4 0 1 5 2 6 7 8 9 10 12 13 11 17 14 16 23 20 15 18 21 22 19 30 24 25 26 28 27 29 35 33 36 34 31 32 38 41 40 37 43 42 39 47 50 44 45 46 49 51 48 52 53
1 0 3 4 5 6 2 7 8 9 12 15 10 20 11 13 14 17 16 21 19 22 24 25 18 30 26 27 23 35 36 31 28 40 33 32 34 29 38 37 41 39 43 45 42 47 44 50 46 51 49 48 53 52
4 0 2 1 5 3 8 10 9 12 14 6 13 7 20 11 17 18 22 21 36 31 16 24 33 19 32 15 27 28 30 35 34 25 26 23 29 43 37 45 40 44 48 47 41 38 42 50 39 51 46 49 53 52
0 3 1 4 2 5 7 8 18 6 10 12 9 31 14 15 13 23 11 21 17 20 19 25 22 24 33 16 26 27 35 30 28 34 32 37 36 29 39 38 45 51 50 41 42 40 48 46 47 44 43 49 52 53
4 1 0 3 5 6 2 9 7 10 8 13 20 17 30 22 11 16 23 14 12 15 27 21 19 18 24 36 26 32 28 25 33 34 35 31 29 37 38 40 44 45 41 42 47 43 39 50 53 52 49 46 51 48
1 3 0 4 5 6 2 8 9 10 7 12 13 20 14 18 11 16 23 21 17 22 15 30 19 31 35 29 34 24 28 25 26 27 33 36 38 32 41 37 43 39 40 50 45 42 47 51 44 48 49 53 46 52
1 3 0 4 5 2 6 7 8 9 12 13 10 14 15 20 11 23 16 22 17 21 30 19 26 25 28 24 33 34 27 37 35 36 31 29 41 32 39 38 43 40 45 51 42 47 50 44 46 49 18 52 48 53
1 3 0 4 5 2 6 7 8 9 12 13 10 14 15 20 11 18 16 21 17 19 22 24 23 30 25 26 31 28 27 35 34 29 33 36 38 32 41 37 39 45 40 42 43 47 50 44 51 46 49 48 52 53
4 1 0 5 3 2 6 7 8 9 12 10 13 14 11 17 20 16 23 15 18 21 19 22 30 24 25 26 28 27 31 29 35 34 33 32 36 38 41 37 43 40 39 42 47 50 44 45 46 51 48 49 53 52
4 0 1 3 2 5 6 7 10 9 8 12 14 11 17 13 21 16 23 24 20 27 15 26 19 22 18 29 25 28 30 35 34 33 31 32 36 41 40 38 37 47 43 42 39 44 45 46 49 51 52 50 53 48
1 3 0 4 5 2 6 7 8 10 9 14 17 12 16 11 15 13 21 19 20 24 22 23 26 18 25 29 34 27 30 32 41 28 33 35 31 36 44 37 50 38 40 47 43 42 51 45 39 46 49 48 52 53
4 0 1 3 5 2 8 6 7 9 13 10 11 12 20 17 22 18 16 30 14 15 19 21 23 36 28 29 24 32 33 34 25 31 35 26 27 42 37 41 43 39 38 40 44 50 45 47 46 48 53 49 51 52
0 1
1 0
2 1
3 1
4 1
5 1
6 1
7 1
8 1
9 0
10 0
11 1
12 1
13 0
14 0
15 0
16 1
17 1
18 1
19 1
20 1
21 1
22 1
23 0
24 1
25 0
26 0
27 0
28 0
29 0
30 0
31 1
32 0
33 1
34 0
35 1
36 0
37 1
38 1
39 0
40 1
41 1
42 1
43 0
44 0
45 0
46 0
47 0
48 1
49 0
50 0
51 1
52 1
53 0
