25 25 2
0 0
0 0
0 1 2 3 4 5 6 7 8 9 10 11 12 13 14 15 16 17 18 19 20 21 22 23 24 25 26 27 28 29 30 31 32 33 34 35 36 37 38 39 40
0 1 2 4 3 5 7 9 6 10 11 8 12 14 13 15 18 17 19 20 16 23 21 22 26 27 24 25 30 31 28 29 33 34 32 36 39 35 38 37 40
0 1 2 4 3 5 7 8 6 10 11 9 12 13 14 15 17 18 20 16 19 21 23 22 26 27 28 25 31 30 29 32 33 39 34 36 24 35 38 37 40
0 2 1 4 3 5 7 6 9 8 11 10 12 13 14 15 19 18 17 16 21 20 26 22 25 23 27 24 30 28 29 31 33 34 32 36 39 35 37 38 40
0 1 2 4 3 5 7 8 6 9 10 11 12 13 14 15 17 18 16 19 21 20 23 22 26 25 24 27 28 31 30 32 29 34 33 35 36 39 38 37 40
2 1 4 0 3 5 7 6 9 10 8 11 12 13 15 14 18 17 16 19 20 21 23 22 25 26 27 28 24 29 30 33 34 32 31 35 36 38 37 39 40
0 2 1 3 5 6 4 8 10 7 11 12 9 13 18 15 16 14 19 21 17 27 26 25 22 23 36 24 29 20 33 34 28 32 37 31 30 40 38 39 35
0 1 2 4 3 5 7 8 6 10 11 12 9 14 13 15 17 18 20 16 19 21 27 23 22 34 24 25 26 28 30 29 32 31 33 35 39 36 38 37 40
0 1 2 4 3 5 7 9 6 10 11 8 12 13 14 15 17 18 16 19 20 21 27 23 24 22 25 26 30 28 31 29 32 34 33 35 36 39 38 37 40
0 1 2 4 3 5 7 10 8 11 6 12 9 13 14 15 17 18 16 20 19 21 23 27 22 26 24 25 30 28 32 31 29 34 33 35 36 39 38 37 40
0 2 1 4 3 5 8 7 6 9 11 10 12 14 16 13 15 18 20 19 21 17 27 26 22 23 28 25 30 33 29 24 34 32 36 31 35 39 37 38 40
0 2 4 1 3 5 7 6 10 8 14 9 12 11 13 16 15 18 17 19 20 21 24 22 27 23 25 26 29 30 34 28 36 33 31 32 35 39 38 37 40
0 5 1 2 3 4 7 6 11 13 9 8 10 14 12 15 20 18 16 17 27 19 24 21 22 26 23 25 30 28 29 33 32 34 36 31 35 39 38 37 40
0 1 2 4 3 5 7 9 6 10 8 11 12 13 14 15 19 18 17 16 21 20 23 22 26 27 25 24 28 30 31 29 33 34 32 36 35 39 37 38 40
0 1 2 4 5 6 3 8 18 11 7 13 10 9 15 12 16 14 17 19 20 27 21 23 25 22 24 26 30 28 32 29 34 31 33 35 36 38 39 37 40
2 0 1 4 7 3 8 5 10 14 13 9 11 17 6 19 12 21 20 18 25 24 28 22 27 16 26 23 15 34 29 30 37 33 39 31 32 36 35 38 40
0 2 1 5 3 4 10 9 7 11 17 14 6 8 12 13 21 15 24 34 39 16 19 20 18 22 23 32 26 25 28 31 35 29 30 40 37 38 33 27 36
0 1 2 4 3 10 5 7 9 14 8 13 6 12 19 11 27 17 15 16 20 23 18 26 22 28 21 30 29 34 24 37 25 31 32 36 33 38 35 39 40
0 1 2 4 5 3 10 7 9 8 11 6 12 14 13 15 17 18 16 20 19 21 23 22 30 26 24 27 34 28 29 25 32 33 31 35 36 39 38 37 40
0 1 2 4 3 5 7 9 6 8 12 10 11 13 15 14 17 18 20 16 21 24 19 23 22 27 25 26 28 30 35 34 31 29 32 39 33 36 38 37 40
0 1 2 4 3 5 7 8 6 10 11 9 12 14 13 15 17 18 16 20 19 21 23 22 27 25 24 26 34 28 30 29 33 32 31 35 39 36 37 38 40
0 1 2 4 3 5 7 9 6 10 8 11 12 13 14 15 17 18 16 20 19 21 23 24 22 26 27 25 28 30 31 29 33 34 32 35 36 39 38 37 40
0 1 2 4 3 5 7 9 6 11 8 14 13 10 12 15 20 18 17 19 16 23 24 21 22 27 28 31 25 26 33 32 30 34 29 39 36 37 35 38 40
0 1 4 3 10 2 5 7 6 11 9 8 13 19 12 15 14 16 18 17 23 21 27 26 29 22 25 20 30 34 31 24 36 39 32 28 33 35 37 38 40
0 1 2 4 6 3 5 7 8 11 9 12 15 17 10 13 16 14 22 18 20 19 21 23 33 25 31 28 27 26 24 29 30 32 39 36 35 34 37 38 40
0 1
1 1
2 1
3 1
4 1
5 0
6 0
7 0
8 1
9 0
10 0
11 0
12 0
13 1
14 0
15 1
16 1
17 0
18 0
19 1
20 0
21 1
22 1
23 1
24 1
25 1
26 0
27 1
28 0
29 0
30 0
31 1
32 0
33 0
34 1
35 0
36 0
37 0
38 0
39 1
40 1
