25 28 2
0 0
0 0
0 1 2 3 4 5 6 7 8 9 10 11 12 13 14 15 16 17 18 19 20 21 22 23 24 25 26 27 28 29 30 31 32 33 34 35 36 37 38 39 40 41 42 43 44 45 46 47 48 49 50 51 52 53 54 55 56
2 1 0 3 5 4 6 8 7 9 12 11 10 15 13 14 17 16 20 18 19 24 21 22 26 25 27 23 31 28 32 29 34 33 36 43 38 39 35 30 37 40 41 42 44 46 45 47 49 48 50 53 55 52 54 51 56
0 1 2 3 5 4 6 7 8 10 12 11 9 15 13 17 14 16 18 20 19 24 21 26 25 22 27 23 31 28 29 32 33 30 36 38 35 39 37 34 40 42 43 41 44 45 47 46 50 48 49 52 51 53 55 54 56
0 1 2 6 3 4 7 5 9 10 12 8 11 15 13 17 14 16 18 22 19 21 24 25 26 27 20 30 31 29 23 33 36 28 32 38 35 34 37 42 39 40 43 41 44 45 50 47 46 48 52 51 53 49 55 54 56
0 1 3 5 2 4 6 8 7 9 12 11 10 15 13 14 17 16 18 20 19 24 21 22 23 25 27 26 31 29 28 43 32 36 30 33 34 35 38 39 37 40 41 42 44 55 45 49 47 46 48 53 51 50 52 54 56
3 0 6 1 2 4 7 5 8 9 11 12 10 15 14 13 17 21 16 20 19 24 18 27 22 25 23 26 31 28 32 29 36 33 30 43 34 35 39 37 38 42 41 44 40 45 47 49 55 46 48 53 51 54 52 50 56
2 1 0 6 3 5 7 4 15 8 9 11 10 23 13 21 17 20 12 16 18 27 24 14 22 31 28 26 19 25 37 34 29 36 30 38 32 43 33 35 47 39 44 41 52 49 40 55 42 46 45 54 48 51 53 50 56
0 1 3 5 4 2 6 8 7 9 11 12 15 10 13 14 17 16 20 18 19 24 21 22 25 27 26 23 28 31 30 29 43 33 36 32 35 39 38 37 41 34 40 44 42 45 47 55 49 46 48 53 54 52 50 56 51
0 1 3 6 4 2 5 8 9 10 7 15 12 11 13 14 17 16 20 22 18 24 21 25 23 27 32 31 19 36 26 28 37 33 34 29 35 43 30 39 38 44 41 40 46 45 49 42 47 48 54 53 55 52 51 50 56
0 1 2 6 3 5 8 4 7 9 11 12 15 10 17 13 14 20 16 18 24 19 21 28 25 26 27 23 32 22 31 29 30 33 36 34 35 38 37 43 39 40 41 44 45 42 49 47 48 46 53 52 51 50 54 55 56
2 3 1 6 0 4 5 7 8 9 15 12 11 17 10 13 14 18 19 21 22 33 16 30 32 25 20 26 36 23 27 24 28 31 29 41 37 38 39 35 34 42 43 44 45 49 40 53 52 46 55 54 51 47 48 50 56
0 1 3 5 4 2 6 7 8 9 12 11 10 15 14 13 17 19 16 20 18 22 24 25 27 21 29 23 31 28 32 26 33 36 30 34 38 35 39 43 37 40 44 41 46 45 42 47 49 48 52 53 51 50 55 54 56
0 2 3 5 4 1 6 8 7 9 12 11 15 17 10 13 14 20 24 16 18 21 25 23 22 19 27 26 29 37 28 32 39 31 33 36 30 34 43 35 42 38 41 46 40 44 49 47 45 50 54 53 55 48 51 52 56
1 0 3 5 2 4 6 8 7 12 9 11 10 15 14 16 13 20 18 21 17 19 22 31 24 27 32 26 23 36 29 25 35 28 40 30 39 33 38 34 44 42 37 41 45 49 43 48 53 47 55 46 54 52 51 50 56
0 1 3 5 2 4 6 8 7 9 12 11 10 15 13 17 14 16 19 20 21 24 18 25 23 27 29 26 36 28 32 22 33 31 43 34 30 45 40 37 35 38 41 44 39 42 47 49 46 48 53 51 52 54 50 55 56
0 1 4 6 12 3 5 8 7 10 15 2 11 13 14 9 20 21 16 26 17 35 25 18 27 36 41 24 22 19 31 39 33 38 23 42 34 30 43 29 37 40 32 28 44 45 48 52 50 47 46 49 55 53 54 51 56
0 3 1 5 2 4 6 9 10 12 7 8 15 22 11 20 19 16 17 13 21 24 14 23 18 26 36 27 32 37 28 31 29 25 33 39 34 30 38 35 44 40 41 42 49 47 45 53 46 43 48 52 54 51 55 50 56
2 7 1 6 3 0 5 10 8 4 15 12 9 11 17 18 21 13 19 14 22 24 16 25 26 33 27 20 31 32 36 28 34 23 29 42 41 30 37 35 43 39 38 53 47 40 44 45 52 55 48 54 46 49 56 51 50
2 1 0 3 5 4 6 8 7 9 11 12 15 14 10 16 13 21 20 27 18 24 19 17 32 22 26 28 36 43 31 29 25 30 34 33 35 23 44 38 55 41 39 40 45 37 42 48 53 49 47 51 54 46 52 50 56
0 2 1 3 5 4 6 8 7 9 11 12 10 15 13 22 17 16 14 18 19 21 24 25 23 26 20 27 28 36 29 32 33 31 30 34 39 37 43 35 38 42 41 44 49 40 45 47 46 53 48 54 52 51 55 50 56
0 1 3 6 5 4 7 8 9 10 11 12 2 15 13 22 17 16 14 20 19 18 24 23 26 21 27 30 36 25 29 32 28 31 33 39 35 38 37 43 41 40 44 34 45 49 42 47 53 48 54 46 52 51 55 50 56
3 1 0 5 2 4 6 8 7 9 12 13 11 10 15 14 17 16 20 18 19 24 21 25 22 28 27 23 26 32 31 29 33 36 30 35 34 37 43 38 39 40 41 42 44 46 47 45 50 48 49 55 53 52 51 54 56
0 1 3 5 2 4 6 10 7 8 12 11 9 15 13 14 17 16 19 22 21 24 18 25 27 23 31 20 26 29 32 28 36 30 39 43 37 38 34 33 40 35 41 44 42 45 49 50 46 52 51 47 48 53 54 56 55
2 3 1 6 0 4 7 5 8 10 9 12 15 13 14 19 17 26 16 22 11 20 24 28 43 21 27 18 33 31 37 23 30 32 25 29 38 34 39 45 40 42 41 44 46 36 35 51 55 47 49 54 52 56 50 53 48
0 1 3 5 2 10 6 4 8 9 11 7 12 15 13 17 16 20 21 22 24 19 14 32 25 28 27 23 18 26 36 29 31 39 37 30 33 38 34 35 43 40 44 41 46 42 45 47 50 48 54 53 49 52 51 56 55
0 1
1 0
2 1
3 1
4 1
5 0
6 1
7 0
8 1
9 0
10 1
11 0
12 1
13 0
14 0
15 1
16 1
17 1
18 1
19 0
20 1
21 1
22 1
23 1
24 0
25 1
26 1
27 1
28 0
29 1
30 1
31 1
32 0
33 0
34 1
35 1
36 0
37 0
38 0
39 0
40 0
41 0
42 0
43 0
44 1
45 0
46 0
47 0
48 0
49 0
50 0
51 1
52 0
53 0
54 0
55 1
56 1
