25 25 2
0 0
0 0
0 1 2 3 4 5 6 7 8 9 10 11 12 13 14 15 16 17 18 19 20 21 22 23 24 25 26 27 28 29 30 31 32 33 34 35 36 37 38 39 40 41 42 43 44 45 46 47 48 49 50 51 52 53 54 55 56 57
1 0 2 4 3 7 8 10 5 6 12 9 13 11 17 16 15 14 19 24 18 20 22 21 26 25 27 28 23 31 29 35 30 33 37 32 34 38 36 40 42 41 43 39 45 44 49 48 46 50 47 53 51 52 54 56 55 57
1 0 2 4 3 5 6 10 7 8 12 9 11 13 14 16 15 19 18 20 17 24 21 28 22 25 27 26 23 30 35 29 33 31 32 41 34 37 39 36 40 38 43 42 44 45 49 47 48 46 50 53 51 52 55 56 54 57
1 0 2 4 3 7 6 10 5 8 12 9 13 11 17 15 16 14 18 19 20 24 21 26 25 22 27 23 31 28 30 33 37 35 29 43 32 36 42 34 41 40 38 39 48 45 51 49 47 46 50 44 53 52 54 56 55 57
1 0 2 4 3 7 6 10 5 8 12 11 13 9 14 16 15 17 20 19 18 21 25 22 27 24 26 23 29 40 30 28 31 33 32 35 38 37 36 34 39 43 42 41 45 44 50 48 49 47 46 51 52 54 53 56 55 57
1 0 3 4 2 7 10 5 8 6 9 12 13 11 14 16 15 19 17 20 26 18 25 21 22 24 27 28 23 31 30 29 33 35 37 34 32 38 36 41 40 39 43 42 50 45 44 46 47 49 53 48 51 52 54 56 55 57
3 0 1 4 7 8 6 10 5 2 16 19 13 12 9 14 26 15 17 22 11 18 21 29 25 33 35 20 31 41 24 43 30 28 37 27 23 34 40 44 38 32 48 50 54 36 39 49 51 42 57 47 46 45 52 56 53 55
1 2 0 4 3 7 8 10 5 6 12 9 13 14 11 15 16 17 18 19 20 21 26 23 22 28 25 27 24 35 31 30 29 33 41 37 32 34 38 43 36 39 42 40 49 45 44 46 48 47 53 50 51 56 55 54 52 57
1 0 3 4 2 7 8 10 5 6 9 12 11 13 14 16 15 19 17 20 18 24 21 25 22 26 28 31 29 23 27 35 30 37 33 38 34 36 41 32 39 49 43 45 42 44 40 53 46 51 47 50 52 48 56 55 54 57
1 0 3 4 2 7 8 10 5 6 9 12 11 13 14 16 15 19 17 25 20 18 26 22 28 21 24 29 23 27 34 35 30 31 33 32 39 42 38 36 41 43 37 40 45 49 48 44 47 46 50 53 52 51 56 55 54 57
1 0 3 4 2 5 8 6 10 7 19 9 11 13 12 15 14 20 17 16 22 21 25 26 24 18 27 35 23 28 33 34 39 30 43 44 41 31 29 36 49 37 32 38 40 48 50 46 47 42 45 53 51 55 54 52 57 56
1 0 3 2 7 5 4 6 12 8 10 9 16 13 11 14 19 15 17 20 26 18 22 21 25 27 24 31 28 23 29 34 33 30 35 38 39 36 41 32 37 43 42 40 48 44 46 47 45 49 51 53 50 52 55 56 54 57
1 4 0 2 3 7 6 5 8 9 10 12 13 11 17 16 15 19 14 21 20 25 18 26 27 22 23 33 24 31 28 29 35 37 40 36 32 34 42 30 49 41 38 43 39 45 53 44 55 48 50 52 51 54 46 56 47 57
1 4 0 2 6 3 12 10 5 7 8 9 13 17 15 16 14 11 19 22 18 21 25 24 30 32 20 26 23 29 33 31 37 27 36 41 34 38 28 40 43 45 39 50 49 51 44 42 47 46 48 35 54 53 52 55 56 57
1 0 3 4 2 5 8 7 6 11 12 9 10 14 15 20 16 13 19 21 22 17 25 26 27 24 18 28 23 29 34 33 35 30 31 41 39 36 40 38 44 32 43 37 45 42 49 47 51 46 50 48 52 53 56 55 54 57
1 6 0 12 3 7 4 8 13 2 10 14 16 5 26 9 21 24 17 11 15 25 18 19 20 22 28 38 31 37 23 29 36 32 27 45 40 33 35 30 49 34 43 41 51 48 42 44 39 47 50 54 46 55 52 53 56 57
1 0 2 4 3 7 10 5 8 6 12 9 13 11 14 16 17 15 19 21 25 22 18 29 24 23 20 27 26 31 37 30 33 36 38 34 41 32 49 39 43 35 45 40 44 42 55 53 46 51 47 50 52 48 54 56 57 28
1 0 3 4 2 10 12 8 6 19 7 13 9 11 5 24 17 15 16 14 21 22 33 25 26 20 18 28 27 37 23 35 30 41 29 31 34 40 32 46 42 38 43 50 39 44 51 36 49 45 47 54 48 53 52 55 56 57
1 3 0 4 2 7 8 10 5 6 9 11 13 25 12 14 15 16 20 18 19 28 17 22 26 27 24 29 35 23 21 30 39 31 32 34 38 33 36 43 41 37 42 45 40 49 44 48 47 50 53 51 46 56 52 54 55 57
1 0 2 4 3 5 6 10 7 8 12 9 13 14 11 16 15 17 19 18 20 21 25 26 22 24 27 31 30 23 29 28 33 35 32 38 34 41 39 36 43 37 40 45 49 47 51 46 42 50 44 48 52 55 53 56 54 57
1 0 3 4 2 7 8 10 5 6 12 9 13 14 16 11 15 17 19 18 25 20 22 26 21 28 24 27 23 29 35 33 30 31 41 32 34 38 37 36 39 43 42 40 45 49 44 47 48 46 50 51 52 53 56 55 54 57
1 0 3 4 2 5 6 7 12 8 10 9 13 11 14 16 15 19 17 21 20 18 25 26 24 22 30 23 27 29 31 32 28 33 35 39 37 38 36 34 40 41 42 43 45 49 44 48 51 47 50 53 52 46 55 54 56 57
1 0 2 4 3 7 9 10 5 6 8 12 11 13 14 16 15 17 18 19 20 22 25 23 21 26 27 24 30 29 31 32 28 33 36 38 40 35 37 39 42 43 41 45 34 48 49 44 51 50 47 52 46 53 54 56 55 57
1 0 3 4 2 7 8 10 5 6 12 14 13 16 9 11 17 23 25 20 19 21 22 27 29 24 35 15 26 28 37 18 30 31 33 38 34 32 43 39 44 41 42 50 45 49 36 40 47 46 48 55 52 53 54 51 56 57
1 0 2 4 3 5 6 9 10 7 12 8 13 14 16 11 15 17 18 19 20 25 26 23 21 24 30 28 37 22 31 32 29 27 33 40 36 38 34 35 49 43 39 41 42 45 51 47 48 50 44 55 53 52 46 56 54 57
0 1
1 0
2 1
3 1
4 1
5 0
6 1
7 0
8 1
9 1
10 1
11 0
12 1
13 0
14 1
15 0
16 0
17 0
18 0
19 1
20 0
21 0
22 1
23 0
24 1
25 1
26 1
27 0
28 1
29 1
30 0
31 1
32 0
33 0
34 0
35 1
36 1
37 0
38 1
39 1
40 0
41 1
42 1
43 0
44 0
45 0
46 0
47 0
48 0
49 1
50 1
51 1
52 0
53 0
54 0
55 0
56 0
57 1
