25 25 2
0 0
0 0
0 1 2 3 4 5 6 7 8 9 10 11 12 13 14 15 16 17 18 19 20 21 22 23 24 25 26 27 28 29 30 31 32 33 34 35 36 37 38 39 40 41 42 43 44 45 46 47 48 49 50 51 52 53 54
1 0 2 3 7 6 5 4 9 8 11 10 14 23 12 13 16 15 20 17 21 18 25 27 19 24 28 29 26 22 30 31 35 32 33 39 43 40 34 38 36 41 46 44 42 37 47 45 50 48 49 52 53 51 54
0 1 2 3 5 6 4 7 9 8 11 12 10 23 14 15 16 13 17 18 20 21 25 24 27 28 19 26 30 22 31 29 33 32 35 34 39 40 41 38 36 44 43 46 42 37 45 47 50 49 48 52 53 51 54
1 0 2 5 4 3 7 6 11 8 9 10 14 23 12 13 16 17 20 27 15 25 21 24 18 19 29 26 28 22 30 31 43 34 33 32 38 35 41 46 39 40 49 42 37 36 45 44 48 50 47 53 52 51 54
0 1 2 4 3 6 5 7 9 8 10 12 11 23 17 14 13 16 15 18 20 19 28 25 27 21 24 29 22 30 26 32 31 35 33 34 39 43 40 38 36 41 46 42 37 45 47 44 49 48 50 51 52 53 54
1 0 7 2 6 3 5 4 10 8 11 9 13 16 23 14 12 17 15 21 20 28 27 22 19 18 24 26 25 29 30 31 32 35 40 33 39 43 38 36 34 46 41 42 37 45 44 47 50 48 49 53 51 52 54
2 0 12 1 7 3 4 8 5 6 9 11 13 17 23 14 20 18 22 10 15 19 28 26 25 27 16 21 31 35 32 46 30 24 36 29 45 44 33 39 38 43 34 40 42 41 50 47 54 49 37 48 51 52 53
0 1 2 4 6 3 5 7 10 8 9 11 12 23 15 16 13 17 20 14 18 22 27 21 24 26 32 28 19 29 30 25 33 31 40 35 34 38 43 36 39 44 41 46 42 37 47 45 48 50 52 49 53 54 51
0 1 2 3 4 7 5 6 10 8 11 9 12 16 23 13 17 15 20 14 21 24 25 22 18 27 26 28 29 19 30 31 33 32 43 38 40 35 36 39 41 34 46 37 42 47 44 45 48 49 50 53 51 54 52
0 7 2 5 1 3 8 6 4 12 9 11 23 13 26 17 21 10 15 14 16 18 25 24 28 27 29 31 20 19 22 30 33 38 35 32 34 41 40 36 39 43 46 42 44 47 50 37 48 49 45 52 53 51 54
2 0 7 1 4 3 5 8 9 6 12 11 23 13 10 14 22 15 17 16 20 19 28 18 31 26 21 27 29 25 30 24 35 41 42 44 32 34 33 39 36 37 46 40 43 45 50 38 47 48 52 49 54 53 51
2 0 1 5 7 3 8 6 9 4 11 10 15 23 12 16 13 17 20 14 21 28 19 25 27 22 18 26 24 30 32 31 35 29 33 43 39 38 34 36 41 37 40 46 42 47 44 45 50 48 49 53 51 52 54
1 0 2 4 7 6 5 3 8 12 9 15 11 14 16 10 23 20 13 17 18 26 27 22 28 32 19 24 25 21 35 31 34 29 43 30 33 46 40 45 38 36 42 41 39 37 47 44 48 49 50 52 54 51 53
0 2 1 3 7 5 4 8 9 6 23 10 11 12 14 21 16 15 17 13 20 27 28 26 18 19 22 30 25 24 35 29 32 41 31 34 33 43 39 40 38 46 37 36 44 45 42 50 47 51 52 49 48 53 54
2 7 0 1 5 3 4 6 10 8 11 14 18 9 16 20 17 15 22 23 25 13 12 31 24 27 21 26 28 19 33 29 30 32 34 40 37 35 39 41 38 46 43 42 47 36 45 44 48 50 49 51 53 52 54
0 1 3 2 5 6 4 7 9 8 14 16 12 11 13 10 15 21 20 23 17 18 19 27 24 29 25 26 22 35 31 28 44 30 41 34 32 46 33 36 42 38 40 43 39 47 37 45 48 50 49 53 52 51 54
0 1 2 4 3 7 6 5 8 9 10 12 11 16 13 14 17 23 15 20 27 28 22 19 26 18 25 24 21 43 32 30 31 29 33 38 35 46 36 34 39 40 41 42 44 45 37 47 50 48 49 53 51 54 52
0 5 3 4 7 6 2 1 8 13 10 15 11 9 29 12 16 23 20 14 19 22 25 28 17 27 18 21 24 26 35 30 32 38 34 36 42 39 41 33 44 52 46 31 43 50 40 45 37 47 49 48 53 51 54
0 1 3 2 4 6 5 7 8 13 10 9 12 11 23 14 15 16 20 17 18 29 25 21 27 19 24 28 26 22 30 35 40 41 38 34 33 44 31 43 36 39 46 32 42 37 52 48 50 49 45 47 53 54 51
0 1 3 2 4 6 5 7 9 8 14 12 11 10 13 16 15 23 20 28 18 29 17 24 27 21 25 19 26 22 30 35 31 41 38 33 32 44 36 34 39 40 43 46 42 45 47 37 50 54 51 48 49 52 53
0 1 3 2 7 6 5 4 8 12 9 10 11 16 23 14 13 17 21 15 18 20 27 25 24 26 28 19 29 22 30 31 32 35 33 40 41 36 38 39 34 46 43 42 44 37 47 45 48 50 52 53 51 49 54
0 2 3 1 4 6 5 7 8 12 14 9 11 10 23 13 17 15 20 16 18 25 22 19 21 27 26 24 28 29 32 30 31 35 34 40 33 43 38 36 39 41 46 42 49 37 44 45 47 50 48 52 53 54 51
0 1 4 2 6 3 5 7 11 8 9 10 16 15 23 12 14 17 13 18 20 28 25 22 26 21 32 27 24 19 35 29 30 33 34 40 43 39 38 36 37 41 42 46 31 45 44 47 48 49 50 51 54 52 53
2 0 3 1 7 6 5 4 9 8 10 23 11 12 17 14 13 15 24 18 16 20 28 27 21 26 19 22 30 39 33 32 34 31 25 29 47 40 36 38 35 37 46 45 42 49 48 43 44 41 50 51 52 54 53
1 3 0 2 7 6 5 4 9 8 11 14 10 15 12 20 17 23 21 19 13 25 16 22 27 18 24 29 26 32 30 28 35 31 40 33 34 38 46 41 44 39 49 43 42 36 37 47 50 45 53 48 52 51 54
0 1
1 1
2 0
3 1
4 1
5 0
6 0
7 0
8 1
9 1
10 1
11 0
12 1
13 0
14 1
15 1
16 0
17 1
18 1
19 1
20 0
21 0
22 0
23 1
24 0
25 1
26 1
27 1
28 0
29 0
30 1
31 0
32 1
33 1
34 1
35 0
36 0
37 1
38 0
39 0
40 1
41 0
42 1
43 1
44 1
45 0
46 1
47 0
48 0
49 1
50 0
51 0
52 0
53 1
54 1
