25 25 2
0 0
0 0
0 1 2 3 4 5 6 7 8 9 10 11 12 13 14 15 16 17 18 19 20 21 22 23 24 25 26 27 28 29 30 31 32 33 34 35 36 37 38 39 40 41 42 43 44 45 46 47 48 49 50
0 2 1 5 4 6 7 3 8 10 9 11 14 12 17 19 13 16 15 20 18 22 26 29 21 27 25 23 24 32 33 30 28 31 34 36 35 37 43 39 45 46 38 42 40 48 44 41 49 47 50
0 2 1 5 4 6 7 3 9 8 10 11 14 12 17 13 19 16 15 29 18 20 21 22 26 27 25 23 24 32 30 31 28 33 34 35 36 39 37 40 46 38 45 42 43 44 48 41 47 50 49
0 1 4 2 3 6 5 7 9 8 10 11 19 14 17 13 16 12 15 29 20 27 18 22 26 23 21 32 24 25 31 30 28 33 37 50 35 34 40 39 45 36 46 38 42 43 41 44 48 49 47
0 2 1 5 3 4 8 10 6 7 9 11 12 14 17 16 18 13 15 19 20 29 22 26 23 25 27 21 28 24 30 50 32 31 33 34 35 37 36 39 38 40 46 42 43 41 44 45 48 47 49
0 5 1 2 4 6 7 3 9 8 10 11 14 12 17 19 16 13 15 20 18 29 22 21 23 25 26 27 30 24 31 33 28 32 34 36 35 38 37 39 50 46 40 42 43 45 44 41 48 49 47
0 3 2 4 6 1 5 7 8 9 14 17 18 15 23 16 10 12 13 19 11 24 50 20 22 29 27 33 25 32 21 26 30 28 37 35 36 44 46 31 34 48 43 39 41 47 38 45 42 40 49
0 2 1 4 3 6 5 7 8 10 9 11 14 12 17 13 18 19 15 16 20 29 22 23 26 25 27 21 24 31 28 33 32 30 34 36 39 35 37 38 43 42 44 48 40 45 41 46 49 47 50
0 2 1 5 4 3 8 7 10 6 9 11 14 12 17 19 18 13 15 16 20 22 26 29 27 25 50 23 32 21 30 34 24 28 31 36 33 35 37 39 40 38 46 43 42 44 48 41 45 47 49
0 5 1 2 4 3 9 7 6 8 10 11 14 29 17 15 12 18 13 19 25 16 21 22 26 23 20 27 50 24 28 30 33 34 31 32 36 39 35 38 37 43 44 40 45 42 46 41 48 47 49
0 1 9 6 2 4 5 7 3 8 10 11 14 12 17 15 16 18 13 29 20 19 21 22 33 27 23 50 25 30 26 24 28 35 31 32 36 37 39 38 46 34 41 48 43 42 44 47 45 49 40
0 1 4 5 2 3 7 8 10 6 9 11 19 14 17 13 18 12 15 29 16 20 23 21 26 22 25 27 28 24 30 31 32 33 34 46 36 35 38 37 39 43 42 40 50 45 44 41 47 48 49
0 2 1 5 4 6 8 7 11 3 9 10 14 12 15 13 16 18 17 19 20 27 22 29 50 23 33 21 32 24 26 36 31 30 34 28 25 35 39 37 42 46 43 44 48 40 41 38 45 49 47
0 2 1 3 4 6 5 7 9 8 10 11 14 12 17 19 13 16 15 18 29 20 22 26 25 27 23 21 24 33 50 32 30 28 31 34 37 35 36 39 43 46 38 40 45 42 48 44 41 49 47
0 1 8 4 3 6 5 2 9 7 12 11 13 14 17 19 29 10 15 30 18 16 50 20 25 23 22 27 26 38 21 24 28 35 33 32 46 34 31 39 37 36 43 42 40 44 41 48 45 49 47
0 1 3 5 2 6 9 4 11 7 14 8 19 10 17 27 18 12 13 29 23 21 26 20 25 15 16 32 24 39 31 30 34 33 36 28 40 38 46 37 22 50 43 35 45 42 44 49 48 41 47
0 3 1 5 2 4 8 11 7 9 50 6 10 29 12 14 18 13 16 17 15 19 25 28 22 23 24 27 34 30 32 20 26 21 31 36 33 37 39 38 35 43 44 42 46 48 47 45 41 40 49
0 5 1 2 4 6 7 9 10 3 8 11 15 14 12 17 16 20 18 21 19 13 29 22 27 32 25 31 24 33 39 26 34 23 28 46 30 36 37 47 41 42 48 43 35 45 44 38 50 49 40
0 1 4 5 2 3 7 8 6 10 9 14 11 29 18 17 22 12 19 13 50 16 25 26 20 15 21 33 24 23 28 32 27 43 30 34 31 36 35 37 38 39 42 48 45 44 46 41 47 49 40
0 2 1 5 4 3 6 7 8 10 9 11 14 12 17 18 13 15 19 29 16 20 25 22 23 26 27 24 21 50 33 32 30 28 31 34 36 35 37 39 38 43 42 46 44 40 45 41 48 47 49
0 2 1 5 3 7 4 8 6 10 9 11 29 14 15 16 17 13 12 19 25 18 20 22 24 23 27 26 50 28 21 34 30 32 31 36 33 39 35 37 43 38 46 44 42 41 45 48 47 49 40
0 2 1 4 3 6 5 7 8 10 9 11 14 12 17 19 13 18 15 16 29 20 22 26 21 27 23 25 24 33 32 30 28 31 34 36 35 37 50 39 43 38 46 42 45 44 40 48 41 49 47
0 2 1 8 4 6 5 3 11 10 9 7 18 29 12 16 14 13 15 17 19 50 28 25 32 27 23 20 22 24 36 21 34 30 31 26 33 37 42 39 43 38 44 35 41 49 48 46 40 47 45
0 3 1 5 2 4 9 7 10 17 8 11 20 18 19 13 29 6 14 12 16 25 24 33 23 50 27 30 26 28 21 31 22 15 39 38 35 32 36 41 37 34 47 49 42 43 44 45 46 48 40
0 1 2 5 4 6 3 9 10 11 7 8 14 13 12 17 29 19 15 16 18 50 20 27 28 32 23 22 24 30 21 26 31 33 36 25 34 37 45 38 43 39 46 40 44 42 48 35 47 41 49
0 1
1 1
2 1
3 1
4 1
5 1
6 0
7 1
8 0
9 1
10 0
11 0
12 1
13 0
14 0
15 0
16 0
17 1
18 0
19 1
20 0
21 1
22 1
23 1
24 1
25 1
26 0
27 0
28 1
29 0
30 1
31 0
32 1
33 0
34 1
35 0
36 1
37 0
38 1
39 0
40 1
41 0
42 0
43 0
44 0
45 0
46 1
47 0
48 1
49 0
50 0
