25 27 2
0 0
0 0
0 1 2 3 4 5 6 7 8 9 10 11 12 13 14 15 16 17 18 19 20 21 22 23 24 25 26 27 28 29 30 31 32 33 34 35 36 37 38 39 40 41 42 43 44 45 46 47 48 49 50 51 52 53 54
0 2 1 4 3 5 7 6 9 8 10 13 15 11 14 12 16 22 17 20 18 25 28 23 21 27 26 24 19 33 29 31 30 39 34 35 36 32 37 46 38 40 41 44 43 48 45 42 49 47 50 51 52 53 54
0 2 1 4 5 3 7 6 9 8 10 13 15 11 14 12 16 17 19 22 23 25 20 28 27 18 26 21 24 33 29 31 36 39 30 32 35 34 37 46 38 40 41 44 43 48 45 42 47 49 50 51 52 53 54
0 1 3 5 2 6 4 7 9 8 10 13 15 11 12 17 14 16 22 20 19 23 28 21 27 18 26 25 33 29 30 39 31 34 32 35 36 24 37 38 40 43 46 41 45 44 48 49 42 50 51 52 47 54 53
0 2 1 4 3 5 7 6 9 8 10 13 11 15 14 12 16 17 19 22 18 20 28 26 21 23 25 27 24 29 33 31 30 39 32 35 34 36 37 38 40 43 41 44 46 42 48 45 47 49 50 51 52 53 54
4 2 1 0 3 6 7 9 10 8 5 11 13 12 14 15 16 22 19 23 17 21 20 28 26 18 24 27 25 29 31 39 33 32 30 35 34 37 36 38 40 43 46 42 44 41 47 48 45 49 50 51 52 53 54
2 3 0 9 1 8 4 7 6 5 14 15 12 22 10 11 17 13 19 16 21 23 27 26 18 33 20 24 29 40 39 28 25 38 32 42 31 41 47 35 36 43 46 37 48 30 34 44 49 45 52 50 51 53 54
0 1 3 4 2 6 7 5 9 8 10 11 13 14 12 15 16 22 23 17 21 19 20 28 24 18 26 27 25 31 33 29 32 35 39 34 30 37 38 36 44 40 41 42 46 48 45 47 43 49 50 51 52 54 53
0 2 1 4 3 6 7 9 8 5 10 13 19 14 12 15 11 16 17 22 21 20 28 29 27 18 23 35 25 24 26 32 39 36 31 33 37 38 41 40 34 30 46 44 47 42 43 45 48 49 51 50 52 53 54
0 2 1 4 5 3 7 6 11 8 10 9 13 12 15 14 28 16 19 21 17 18 24 20 23 27 22 26 33 25 29 37 32 39 31 30 35 34 36 46 38 40 42 44 41 47 48 43 45 53 49 51 50 52 54
0 1 3 4 2 6 5 7 8 9 10 14 15 16 12 11 13 22 23 21 17 18 20 30 27 19 33 26 24 39 25 28 29 32 31 35 34 36 46 43 41 38 37 44 48 42 45 52 40 49 47 50 53 51 54
0 4 1 2 3 5 7 6 9 8 10 11 13 14 12 15 16 22 19 21 17 26 20 28 23 25 24 27 18 31 29 32 33 39 30 35 34 37 36 38 40 43 46 44 41 47 48 42 45 49 50 51 52 54 53
2 0 3 5 6 1 4 8 13 11 7 10 16 15 9 19 22 12 17 23 14 28 25 26 21 24 29 18 39 20 34 35 27 33 32 30 46 38 40 36 49 37 42 41 44 48 45 47 31 50 43 51 52 54 53
0 1 2 4 3 5 6 7 9 10 8 13 15 14 11 12 16 22 17 19 23 18 21 27 20 28 26 25 33 24 29 32 34 39 31 30 35 36 37 38 46 41 40 42 43 44 45 48 47 49 50 53 51 52 54
0 2 1 4 3 6 7 5 10 8 11 9 23 12 24 15 17 13 14 16 21 20 28 22 26 18 19 32 27 25 29 33 31 30 37 39 44 34 35 47 40 42 48 46 36 50 38 49 41 43 45 52 51 53 54
0 1 5 7 4 2 3 6 11 8 10 9 14 13 15 17 12 16 19 27 21 22 28 20 18 26 29 23 39 36 24 25 33 31 35 30 43 34 32 45 46 40 41 37 48 44 38 50 49 42 52 54 51 47 53
0 3 2 1 6 4 5 7 9 8 19 11 12 13 14 10 15 16 20 26 18 22 21 23 17 27 24 28 29 31 39 32 35 38 34 30 33 37 25 46 40 41 47 42 45 44 48 49 43 51 36 52 54 50 53
0 1 6 2 5 3 7 4 10 8 11 9 13 16 14 15 12 19 17 26 18 33 22 23 31 32 20 30 28 25 21 27 34 46 24 36 39 29 35 43 38 37 41 40 44 48 45 49 42 52 47 50 53 54 51
0 4 1 5 2 3 7 6 10 8 9 12 11 14 13 15 17 16 22 20 25 19 26 27 18 23 29 21 34 36 33 31 35 28 24 39 32 37 30 40 46 38 47 42 41 44 45 49 48 51 43 52 53 50 54
0 1 3 4 2 5 6 9 8 19 10 7 12 11 13 14 15 25 16 23 17 22 26 20 21 24 28 18 29 38 33 36 32 30 27 35 39 31 46 48 40 34 37 41 44 43 45 42 47 50 49 52 53 51 54
0 2 1 4 5 3 7 6 9 8 10 13 11 15 14 12 16 17 19 22 18 25 28 26 21 20 23 24 27 29 33 31 32 39 30 35 34 37 36 38 40 43 41 46 44 45 42 48 50 49 47 51 52 53 54
0 1 3 4 2 5 7 6 9 8 10 13 15 12 11 16 19 14 17 22 23 20 27 28 21 26 29 18 25 33 24 39 34 36 32 31 30 35 37 41 38 40 42 44 46 48 50 45 43 47 49 51 52 53 54
0 1 3 7 2 5 6 8 4 9 10 11 13 15 14 12 16 22 17 27 18 20 26 23 21 19 29 33 25 32 28 36 39 31 38 35 30 34 24 37 40 43 46 44 45 48 50 41 49 42 47 51 52 54 53
0 2 1 4 3 5 7 6 15 12 10 9 13 11 14 17 22 8 25 24 23 19 16 28 18 21 20 32 26 33 44 29 27 41 31 40 36 34 30 39 38 45 35 37 42 47 48 43 49 50 51 46 52 54 53
0 1 6 4 5 3 7 2 9 19 11 13 10 8 14 12 16 17 15 22 18 26 33 20 28 21 23 29 25 36 27 35 39 32 31 30 24 46 40 34 38 45 37 41 44 48 49 42 43 50 47 52 51 53 54
0 1
1 1
2 0
3 1
4 1
5 1
6 0
7 0
8 0
9 1
10 1
11 1
12 1
13 0
14 1
15 0
16 1
17 0
18 1
19 0
20 0
21 1
22 1
23 1
24 0
25 0
26 0
27 1
28 0
29 1
30 0
31 1
32 1
33 1
34 1
35 1
36 0
37 1
38 0
39 0
40 1
41 1
42 1
43 1
44 0
45 0
46 0
47 1
48 1
49 0
50 0
51 1
52 0
53 0
54 0
