25 25 2
0 0
0 0
0 1 2 3 4 5 6 7 8 9 10 11 12 13 14 15 16 17 18 19 20 21 22 23 24 25 26 27 28 29 30 31 32 33 34 35 36 37 38 39 40 41 42 43 44 45 46 47 48 49 50 51 52 53
0 1 2 3 5 4 8 6 7 9 10 13 15 12 16 11 14 17 18 20 19 23 21 24 28 22 25 29 27 30 26 31 32 34 41 33 38 35 42 37 40 36 39 43 44 46 52 48 51 45 50 47 49 53
0 1 2 3 5 4 9 6 8 7 15 12 13 11 10 16 14 18 17 20 19 21 24 23 26 29 22 25 30 28 27 32 34 31 38 33 39 36 35 37 42 40 41 44 48 43 47 45 46 51 52 49 50 53
0 1 2 8 6 4 5 7 9 3 13 12 19 16 11 14 10 17 18 15 22 23 20 24 21 28 25 29 31 34 27 32 30 26 33 42 38 35 40 37 36 41 39 52 51 44 43 48 46 47 49 50 45 53
1 0 2 3 5 4 8 6 9 7 11 13 15 10 16 12 14 18 17 20 19 21 24 28 23 22 29 25 30 27 36 26 31 32 34 33 38 39 35 37 42 40 41 44 43 51 48 45 46 50 47 52 49 53
0 1 4 3 5 2 8 6 7 11 9 13 15 12 16 14 18 20 10 17 19 21 24 23 28 25 22 29 26 30 27 32 31 38 34 33 37 36 39 35 42 40 41 44 43 51 49 48 47 45 46 50 52 53
0 1 3 4 5 6 12 2 8 20 9 16 13 11 7 15 18 10 22 17 14 19 42 26 41 21 23 34 25 24 28 33 32 29 37 38 30 35 31 46 45 39 36 44 27 51 40 48 47 43 50 53 49 52
1 0 2 3 5 4 8 6 13 7 9 21 12 10 11 16 20 14 17 19 15 18 22 23 28 32 24 29 27 25 26 30 31 33 34 39 37 38 40 36 41 35 42 43 48 47 52 49 45 51 50 46 53 44
1 0 2 3 5 4 6 7 9 8 13 12 10 19 11 15 16 14 17 21 18 20 23 28 29 26 24 25 27 30 22 31 34 33 39 32 35 36 38 42 40 37 41 44 50 43 51 46 45 48 49 47 53 52
0 1 4 5 3 6 9 2 7 11 8 15 16 12 10 21 14 17 19 20 18 13 22 23 26 29 28 30 24 38 25 32 31 34 39 33 27 36 37 42 35 40 41 48 44 51 43 45 46 52 49 47 50 53
0 1 4 5 6 2 3 7 9 8 15 13 12 17 14 20 10 11 19 16 24 26 23 21 18 30 22 29 28 25 32 31 33 41 34 36 51 37 27 35 40 48 38 42 39 44 45 46 43 50 47 49 52 53
0 1 2 3 6 4 5 7 9 8 11 15 12 13 16 14 17 10 18 20 19 21 23 24 28 29 25 22 27 30 26 32 31 33 34 38 36 41 37 39 35 42 40 48 52 43 44 51 46 47 50 49 45 53
0 1 2 3 5 4 6 7 8 12 9 11 16 13 15 14 17 10 19 20 18 21 23 26 24 29 27 31 28 25 22 30 33 32 42 38 41 34 40 39 35 37 48 36 44 50 49 43 52 47 46 53 51 45
0 1 3 5 2 4 6 8 7 9 13 12 11 15 16 10 14 19 17 18 20 23 22 24 30 25 29 26 28 27 32 31 34 36 35 40 38 33 37 39 42 43 50 44 48 46 21 51 45 52 47 49 53 41
0 1 2 3 5 6 8 4 7 11 9 19 17 18 10 15 16 12 23 20 22 24 21 13 14 32 30 31 28 25 34 38 27 42 29 26 33 37 39 35 51 36 41 40 44 43 45 49 50 46 47 52 48 53
0 2 4 1 6 12 3 5 9 8 7 18 13 17 11 10 29 14 16 33 15 34 20 24 25 28 21 23 19 30 27 32 22 42 26 47 51 37 45 43 31 38 39 41 36 35 40 49 50 52 48 44 46 53
1 0 2 4 5 3 7 6 8 9 11 13 19 12 15 16 17 14 10 18 22 23 20 29 32 26 30 24 31 25 33 34 28 27 35 38 39 37 36 42 43 44 50 51 45 46 47 48 49 40 41 53 21 52
0 2 1 13 6 4 3 5 8 12 9 17 14 21 7 16 10 11 19 15 18 20 23 31 28 26 22 25 34 27 29 32 24 41 30 38 33 51 35 36 37 44 39 42 40 48 46 43 52 45 47 53 50 49
3 0 1 6 5 7 4 2 15 11 8 13 10 12 9 16 14 18 23 19 20 27 29 22 25 28 30 21 24 35 36 38 17 41 31 26 37 32 34 51 40 44 33 49 47 42 45 43 46 50 48 52 39 53
0 1 4 5 6 2 8 3 9 13 7 15 11 10 12 16 14 17 20 18 19 21 23 24 30 26 29 22 28 32 25 31 34 33 27 42 38 39 36 35 40 37 41 48 51 44 50 43 45 46 49 52 47 53
0 4 6 8 1 11 18 9 2 5 3 23 21 19 12 13 20 10 14 7 32 15 22 30 16 28 34 29 25 17 24 47 48 33 37 42 26 27 31 44 35 43 36 39 40 51 49 45 38 41 46 50 52 53
0 2 1 3 5 4 8 6 9 7 13 16 12 10 11 20 14 17 18 21 19 15 25 23 24 33 28 22 27 30 29 26 31 32 34 38 35 36 37 44 39 43 41 42 40 48 47 51 45 46 52 50 49 53
1 0 2 5 6 4 3 7 9 8 13 10 19 11 14 12 16 18 17 15 20 25 21 23 34 30 29 24 22 27 28 26 32 31 33 38 42 36 39 35 40 37 41 44 52 48 43 47 49 51 50 46 45 53
1 0 2 3 7 4 5 6 11 12 9 8 14 13 15 23 10 24 30 20 17 16 26 18 28 32 19 42 33 25 22 29 38 37 27 34 40 36 31 35 39 41 21 52 43 51 50 44 48 46 49 45 47 53
1 0 4 5 6 2 3 9 12 8 10 17 13 14 7 11 16 18 20 21 15 29 26 34 24 23 28 25 22 30 19 31 32 33 38 27 42 41 36 35 39 40 48 52 37 43 44 45 49 47 50 46 51 53
0 1
1 1
2 0
3 0
4 1
5 1
6 1
7 1
8 1
9 1
10 1
11 1
12 0
13 0
14 0
15 0
16 0
17 1
18 1
19 0
20 1
21 0
22 0
23 0
24 0
25 1
26 1
27 0
28 1
29 1
30 1
31 0
32 1
33 0
34 0
35 0
36 1
37 1
38 0
39 1
40 0
41 0
42 1
43 0
44 1
45 0
46 0
47 0
48 0
49 1
50 0
51 0
52 1
53 0
