25 25 2
0 0
0 0
0 1 2 3 4 5 6 7 8 9 10 11 12 13 14 15 16 17 18 19 20 21 22 23 24 25 26 27 28 29 30 31 32 33 34 35 36 37 38 39 40 41 42 43 44 45 46 47 48 49 50 51 52 53 54 55
1 0 2 4 3 8 5 6 7 9 12 11 10 13 16 15 14 21 17 20 18 19 24 26 23 22 28 25 30 27 34 33 31 29 36 35 39 32 38 37 41 42 40 45 46 44 48 50 49 51 43 47 54 52 53 55
1 0 2 4 3 5 6 8 7 9 12 11 16 14 13 15 10 20 21 18 17 19 26 24 23 22 25 27 30 28 33 29 31 36 34 32 37 39 35 38 40 41 45 42 49 44 50 51 48 43 47 53 46 54 52 55
1 0 2 4 3 5 6 8 9 7 12 11 10 15 13 14 16 21 17 18 22 24 20 19 23 28 25 27 26 30 33 29 34 35 32 31 39 36 37 38 50 51 41 42 40 54 43 44 45 49 47 53 46 48 52 55
1 0 2 4 3 6 8 9 5 7 10 11 12 14 13 15 16 18 17 21 20 19 26 23 24 22 25 27 30 28 33 29 31 39 34 32 35 36 38 37 40 41 42 45 48 50 44 46 49 43 51 54 47 52 53 55
1 2 0 4 8 3 7 5 12 6 11 16 10 9 13 15 18 20 14 24 22 26 17 21 23 28 30 19 25 33 27 29 34 36 32 35 31 39 38 41 40 49 53 42 37 46 44 48 51 47 45 43 54 50 52 55
1 0 4 3 2 9 6 5 10 14 8 12 17 11 15 7 24 23 22 16 13 26 20 19 30 35 25 27 33 28 18 21 36 39 29 34 40 32 42 51 31 38 48 44 46 52 41 47 49 37 55 45 43 50 54 53
1 0 2 4 8 3 12 7 6 5 11 9 10 14 13 16 15 20 19 23 18 17 24 26 21 30 22 28 25 27 29 34 33 31 32 35 36 38 37 41 39 42 40 46 49 45 44 48 51 47 43 53 50 52 54 55
1 0 2 4 3 8 5 7 12 6 11 10 9 13 14 16 17 20 15 18 19 22 24 21 26 30 23 25 28 27 33 29 34 36 32 31 35 39 38 37 41 45 51 46 52 42 40 48 43 49 44 54 50 47 55 53
1 2 4 8 0 3 7 5 6 9 12 11 10 20 13 16 14 18 15 23 17 19 24 30 26 21 22 25 28 27 34 33 31 36 29 32 35 39 38 41 37 40 42 45 49 46 48 44 51 43 47 54 52 50 53 55
1 2 0 4 3 7 8 11 15 5 6 14 12 10 9 16 24 17 13 26 22 20 21 19 30 18 27 34 28 35 40 23 33 25 36 29 32 42 31 37 49 39 54 51 46 38 52 47 48 44 55 50 41 45 43 53
1 2 4 0 3 5 8 7 6 11 12 16 10 9 15 14 13 22 17 24 20 26 18 23 21 30 27 19 28 25 33 34 37 35 36 29 31 39 32 38 44 41 49 42 46 40 45 47 51 50 48 43 54 52 53 55
4 1 0 2 3 5 7 9 6 11 8 14 16 10 12 17 21 13 15 26 22 23 28 24 18 27 30 19 25 20 34 33 36 35 31 29 32 37 51 38 39 49 48 42 46 45 40 50 47 41 44 53 43 54 52 55
1 0 2 4 3 6 8 7 5 9 12 11 10 13 15 14 16 20 19 18 21 17 24 26 23 30 22 25 28 27 33 29 34 39 32 36 31 35 37 38 40 41 42 45 50 51 46 44 47 49 48 43 54 53 52 55
1 0 2 4 6 3 12 13 7 8 5 11 26 10 14 30 24 9 15 21 22 16 18 31 20 28 23 17 27 32 34 33 19 36 29 35 48 40 41 37 39 49 25 50 51 45 38 46 44 52 42 47 53 54 43 55
2 1 0 4 3 7 6 8 9 11 12 17 15 22 13 5 10 20 23 21 19 25 33 16 18 28 26 24 27 14 39 35 30 36 34 29 38 31 54 32 43 49 42 41 46 37 45 50 51 40 44 52 48 53 55 47
1 0 4 2 3 5 6 11 10 7 8 12 14 17 20 9 21 13 16 23 26 24 30 22 18 19 15 25 34 27 33 29 28 36 44 35 32 31 46 42 39 49 38 41 40 51 45 52 48 47 50 54 43 37 55 53
2 1 0 4 3 7 15 9 11 14 8 10 12 5 6 16 24 17 19 26 20 18 22 27 28 30 34 13 35 21 25 33 23 42 40 49 39 29 37 31 38 36 54 46 51 32 45 52 50 47 48 43 41 53 44 55
1 0 2 4 3 5 6 8 7 9 11 10 12 20 16 13 14 21 19 18 22 17 26 23 24 15 30 25 27 28 33 29 31 36 34 32 39 35 37 38 49 51 41 45 40 46 42 44 48 53 43 47 52 50 55 54
1 2 0 4 3 8 5 7 6 11 12 10 9 13 14 16 17 20 18 23 15 21 24 19 26 22 30 25 28 27 33 29 34 36 31 32 35 41 37 39 38 49 42 46 45 40 51 44 47 53 43 54 48 52 50 55
1 2 0 4 8 3 6 5 7 9 12 11 16 10 13 14 18 20 15 24 17 19 26 23 21 22 30 25 27 28 29 34 33 36 32 31 37 39 35 38 41 49 40 42 46 45 44 51 48 47 43 53 50 52 54 55
1 0 2 4 3 6 8 7 5 9 12 11 10 13 15 14 16 20 17 18 19 24 22 26 21 23 30 25 27 28 33 29 34 36 32 31 39 35 37 38 41 40 42 45 47 44 51 50 49 46 43 54 48 53 52 55
2 1 0 4 3 8 5 6 7 9 10 11 12 14 13 16 17 18 15 21 19 22 24 20 26 23 25 27 30 28 29 33 31 32 39 34 35 38 37 40 36 41 45 42 49 50 48 44 46 54 43 51 52 47 53 55
1 0 2 4 3 5 11 7 10 14 8 6 12 16 13 9 17 20 22 21 15 18 23 24 19 26 30 25 27 29 33 31 32 40 34 36 28 35 39 38 49 43 44 42 37 50 52 41 46 51 48 45 47 54 55 53
2 1 0 4 3 5 11 10 12 6 8 7 14 16 9 24 13 18 22 15 17 21 20 30 26 23 27 28 19 25 33 36 29 32 31 35 41 34 38 42 43 39 45 51 44 37 46 50 40 54 48 47 49 52 53 55
0 1
1 1
2 1
3 1
4 0
5 0
6 1
7 0
8 1
9 0
10 1
11 1
12 0
13 1
14 0
15 0
16 0
17 0
18 1
19 0
20 1
21 1
22 1
23 1
24 0
25 1
26 0
27 1
28 0
29 1
30 1
31 0
32 1
33 0
34 1
35 1
36 0
37 1
38 0
39 1
40 1
41 0
42 0
43 1
44 1
45 0
46 0
47 0
48 0
49 0
50 1
51 0
52 0
53 0
54 1
55 0
