25 25 2
0 0
0 0
0 1 2 3 4 5 6 7 8 9 10 11 12 13 14 15 16 17 18 19 20 21 22 23 24 25 26 27 28 29 30 31 32 33 34 35 36 37 38 39 40 41 42 43 44 45 46 47 48 49 50 51 52 53 54 55 56 57 58 59
0 4 1 5 2 3 6 7 8 9 14 10 11 16 12 13 19 15 20 18 22 17 21 24 25 26 27 23 29 28 31 30 36 35 39 32 37 34 33 38 40 41 48 45 49 43 47 42 44 46 53 54 51 50 55 52 57 56 58 59
0 2 1 5 4 3 9 6 11 7 8 14 10 15 12 17 13 19 18 20 16 24 22 26 27 25 23 29 21 28 31 30 37 35 39 32 33 36 34 38 40 49 48 44 42 43 47 54 41 53 51 50 55 46 45 52 57 58 56 59
0 2 1 4 3 6 5 7 9 8 15 14 10 13 16 11 19 17 12 18 20 22 23 27 24 25 28 21 26 31 30 29 32 35 36 34 39 44 33 37 38 41 40 45 47 42 43 49 46 50 53 48 51 54 55 52 57 56 58 59
0 4 1 5 2 3 6 7 8 9 15 14 10 11 12 13 16 20 18 19 17 22 23 24 26 25 27 21 31 29 28 35 30 36 32 34 39 38 37 33 40 44 43 45 41 48 42 49 47 46 51 54 50 53 52 56 55 57 58 59
2 0 1 4 3 6 5 7 9 11 8 14 10 15 12 13 17 16 20 19 22 18 26 24 25 23 28 21 27 30 29 31 39 36 32 35 37 34 33 38 42 40 48 45 44 49 43 47 41 54 46 52 50 53 51 55 57 56 58 59
2 0 5 1 16 3 8 7 4 6 14 9 13 15 12 11 19 17 10 25 23 22 20 24 27 18 36 21 42 28 34 30 26 38 32 37 49 39 40 29 35 31 48 44 43 33 54 45 41 51 47 50 56 55 46 57 52 53 58 59
0 2 1 5 4 3 6 7 9 8 14 10 13 15 11 12 19 17 16 18 20 22 21 27 24 25 28 23 26 32 31 30 29 34 36 35 37 39 38 33 41 40 44 47 43 42 49 48 52 46 53 54 51 50 55 45 57 56 58 59
0 1 3 5 2 4 6 7 8 9 11 12 14 15 10 13 19 20 22 21 16 18 17 25 24 23 28 26 27 29 30 31 36 37 34 35 32 39 40 33 38 49 48 43 47 54 44 41 42 46 45 51 50 52 53 55 57 56 58 59
0 1 3 5 2 4 8 6 9 7 11 12 14 16 10 13 15 19 20 22 17 21 25 18 26 24 27 23 29 28 39 36 30 31 35 37 38 33 34 32 48 40 54 49 43 47 45 42 44 41 46 51 55 50 53 52 57 56 58 59
0 2 1 3 6 5 7 9 4 8 14 13 11 15 22 12 20 10 17 19 18 23 27 16 28 26 24 21 25 31 30 36 45 29 32 41 35 39 34 42 44 37 40 48 38 43 33 49 47 46 53 51 56 54 50 57 52 55 58 59
0 2 1 3 6 7 4 8 9 5 10 11 19 15 13 12 14 20 16 18 17 22 26 25 21 24 23 29 28 27 30 34 31 36 32 35 37 42 44 33 41 40 39 38 48 43 54 49 47 45 46 51 52 55 50 53 57 56 58 59
0 1 3 5 2 4 8 6 9 7 11 14 13 15 22 10 12 17 16 20 25 21 19 18 24 28 29 35 23 27 40 45 30 39 37 33 36 32 26 31 34 42 38 48 47 44 43 54 49 41 46 51 55 50 57 52 53 58 56 59
0 4 1 5 2 3 6 7 8 9 10 11 15 16 13 14 12 19 18 17 20 22 23 27 26 24 25 21 28 31 30 29 35 36 32 34 39 33 38 37 41 40 44 45 43 42 49 47 51 46 53 48 54 50 52 55 56 58 57 59
0 1 3 2 4 6 5 11 8 7 9 12 14 20 10 19 13 24 21 28 22 15 18 17 27 25 26 23 39 16 31 30 33 29 35 36 32 37 34 43 44 40 48 38 54 47 50 49 42 41 45 53 51 55 52 46 57 56 58 59
0 4 1 2 6 3 9 5 7 14 8 18 12 19 17 15 20 23 13 22 11 10 25 31 16 29 24 35 30 21 36 27 32 28 41 26 40 39 34 37 38 51 33 47 43 44 48 54 49 42 46 45 50 55 53 58 52 57 56 59
0 1 2 4 5 3 6 7 9 14 11 12 15 21 22 13 10 8 20 19 16 18 25 24 17 23 28 29 27 26 30 31 40 37 36 35 38 33 39 34 32 43 48 49 54 47 42 44 46 52 51 57 55 50 53 56 58 45 59 41
5 0 1 2 4 3 6 11 9 7 22 16 8 13 14 12 10 15 20 19 17 18 24 25 28 29 23 27 30 21 36 35 31 33 34 45 26 38 41 32 44 39 46 48 43 40 37 54 49 42 51 50 52 47 53 57 58 56 55 59
0 3 2 1 8 4 9 5 7 6 11 12 20 15 22 10 16 21 13 14 18 19 25 17 24 28 23 26 29 27 30 37 36 39 45 34 31 33 35 48 38 40 32 54 43 44 47 49 42 41 51 46 50 55 52 53 57 56 58 59
0 2 1 4 3 6 5 7 9 8 11 14 10 15 12 13 19 16 21 22 18 20 25 17 26 24 23 29 28 30 33 27 31 37 39 32 36 35 48 38 40 34 43 54 45 49 47 42 44 41 46 51 53 50 52 55 57 56 58 59
0 1 3 5 2 4 9 6 8 7 12 14 10 15 11 13 19 16 21 17 20 18 22 25 26 24 23 29 36 28 27 39 37 31 35 32 30 34 33 38 40 41 48 44 49 43 54 45 42 46 51 53 47 50 52 55 56 58 57 59
0 4 1 5 2 3 6 7 8 13 9 14 19 10 16 12 15 18 11 20 17 22 21 26 24 25 27 23 28 32 30 31 29 35 36 39 34 37 33 38 40 41 45 42 43 44 48 49 47 46 53 51 54 50 55 52 57 56 58 59
0 4 1 5 2 3 6 7 9 8 10 11 15 12 23 14 13 19 16 18 20 22 17 24 26 21 25 27 31 29 37 36 35 32 30 34 38 28 39 40 33 41 45 43 49 44 46 42 47 51 48 54 50 53 52 56 55 57 58 59
0 1 3 4 5 2 6 7 9 10 8 13 16 15 12 18 23 14 11 19 34 24 21 22 26 17 29 30 28 20 33 27 39 32 31 25 37 45 40 36 35 44 38 42 41 47 43 53 48 49 52 54 50 51 55 46 57 56 58 59
0 2 1 5 4 3 6 7 8 9 11 10 20 15 13 14 12 19 18 16 25 23 22 24 26 17 27 29 31 21 35 32 28 37 33 34 39 45 36 40 30 38 43 48 47 49 44 54 42 46 53 51 55 50 41 56 52 57 59 58
0 1
1 1
2 1
3 1
4 1
5 0
6 1
7 0
8 1
9 1
10 0
11 0
12 0
13 0
14 0
15 1
16 1
17 1
18 1
19 0
20 1
21 0
22 1
23 0
24 1
25 0
26 1
27 1
28 1
29 1
30 0
31 1
32 0
33 0
34 0
35 1
36 1
37 1
38 0
39 0
40 1
41 1
42 1
43 0
44 1
45 0
46 0
47 1
48 0
49 0
50 0
51 1
52 0
53 0
54 0
55 0
56 1
57 0
58 0
59 1
