25 25 2
0 0
0 0
0 1 2 3 4 5 6 7 8 9 10 11 12 13 14 15 16 17 18 19 20 21 22 23 24 25 26 27 28 29 30 31 32 33 34 35 36 37 38 39 40 41 42 43 44 45 46 47 48
1 0 5 3 2 6 7 4 9 8 12 13 14 10 11 17 15 22 16 19 21 20 18 23 27 28 24 26 29 25 33 36 37 34 39 30 31 35 32 40 41 38 44 45 42 43 46 47 48
0 1 5 3 2 6 9 8 7 4 12 11 14 10 13 15 22 16 19 17 21 18 20 27 23 28 24 26 25 29 30 34 37 35 33 31 32 39 36 38 41 40 44 42 43 45 47 46 48
0 1 3 2 6 5 8 9 12 4 7 13 11 10 22 15 14 16 20 17 21 19 18 27 24 29 23 26 28 25 33 34 30 35 31 32 38 37 40 36 42 41 39 44 43 45 47 46 48
0 1 2 5 3 6 7 9 8 4 11 14 12 10 13 15 22 16 19 17 18 21 20 23 27 24 26 28 25 29 33 31 34 37 36 35 39 32 30 38 41 40 44 42 43 45 47 46 48
1 0 2 5 7 9 3 12 6 8 4 11 14 10 13 18 17 15 16 22 19 21 20 27 23 28 24 26 25 29 33 37 39 35 30 34 36 31 32 41 42 40 38 45 44 43 46 47 48
2 0 1 5 7 3 22 6 14 12 9 11 8 10 19 17 16 26 4 15 13 21 18 23 27 24 20 25 37 35 28 33 30 31 39 29 34 42 36 32 38 40 45 44 43 48 41 47 46
0 1 2 5 7 3 9 6 8 4 12 11 13 22 16 14 17 10 15 21 18 19 23 28 24 26 27 20 33 25 29 37 34 39 30 35 31 32 36 41 38 44 40 45 42 46 47 43 48
1 2 0 5 6 3 9 4 8 7 13 10 11 12 22 16 14 15 19 17 21 18 24 27 23 26 28 29 20 33 25 34 37 30 36 31 45 32 38 40 41 39 35 44 46 42 47 48 43
0 1 7 5 3 9 2 14 8 4 15 11 22 16 6 12 13 10 17 19 21 23 18 24 20 27 37 25 30 28 26 35 39 29 36 33 34 31 32 41 38 40 44 45 42 46 43 47 48
1 2 0 5 7 3 6 8 11 10 14 9 12 13 17 4 19 15 18 25 23 20 22 27 21 24 26 16 28 37 29 33 31 34 30 36 32 35 42 40 39 41 43 38 48 44 46 45 47
0 1 5 3 2 6 9 7 4 8 12 13 10 11 22 14 15 16 19 17 21 18 27 23 24 20 26 28 29 25 33 34 30 36 31 37 39 32 35 38 41 40 44 45 42 47 46 43 48
5 0 2 1 4 3 7 9 6 8 12 13 14 10 22 17 11 16 19 21 15 20 23 18 34 24 26 36 28 29 27 25 33 39 30 37 41 31 35 32 38 40 44 45 42 46 43 47 48
0 1 5 3 2 6 7 9 8 4 12 22 10 11 13 14 15 16 19 17 21 20 18 27 23 24 26 28 25 33 29 37 34 39 30 36 31 32 35 38 41 40 44 42 45 43 46 47 48
0 2 1 5 9 3 7 4 12 6 14 13 18 19 10 17 15 16 25 11 21 8 22 28 23 24 20 35 33 29 30 26 34 27 31 37 32 40 39 48 36 38 45 41 42 43 44 46 47
2 1 3 9 0 5 6 7 17 13 12 8 18 4 19 15 20 24 16 22 14 10 21 29 11 27 37 31 25 26 23 32 34 28 35 33 42 30 40 38 39 43 47 45 44 41 48 46 36
0 2 1 5 3 6 9 7 4 8 12 11 14 17 13 10 15 16 19 20 18 21 23 26 24 27 29 28 34 33 25 31 30 37 32 39 45 41 40 35 36 46 38 44 22 47 48 43 42
5 0 1 9 2 7 12 8 6 3 14 11 10 19 16 4 13 15 22 18 21 25 17 24 23 20 26 28 31 27 42 33 32 29 34 37 36 30 40 45 35 39 41 47 44 43 48 46 38
1 0 2 5 7 3 9 6 8 4 13 12 10 11 22 14 17 15 16 18 19 21 27 23 24 20 28 26 33 25 29 34 37 31 35 30 38 32 40 41 43 42 36 44 39 45 46 47 48
0 1 2 5 6 3 7 9 4 8 12 13 14 11 17 10 15 16 19 21 18 20 23 27 24 28 22 26 29 25 37 33 39 30 34 36 31 32 35 38 40 41 44 45 46 42 43 47 48
0 1 5 3 2 7 9 6 4 8 12 11 14 22 15 16 13 10 19 17 18 21 27 23 24 28 20 26 25 29 37 33 39 30 36 35 31 34 32 41 38 40 44 42 45 46 47 43 48
1 0 2 5 3 6 7 9 4 8 13 12 11 10 22 14 17 15 16 21 19 18 20 23 27 24 28 26 29 25 33 34 37 30 36 31 35 39 32 38 41 40 44 45 42 46 47 43 48
0 2 1 6 5 3 8 7 9 10 13 4 12 11 15 17 18 22 16 20 14 26 25 23 29 21 24 19 27 28 34 33 35 31 30 41 38 32 37 43 39 40 36 44 45 42 47 46 48
0 1 2 5 7 3 4 9 6 8 14 19 22 10 23 12 15 13 16 18 21 24 27 11 28 17 20 29 25 26 32 35 34 31 30 37 43 33 40 39 41 36 42 45 38 46 47 44 48
0 2 1 5 3 6 9 4 8 13 22 7 20 15 17 14 16 10 21 11 26 23 12 18 24 28 27 19 25 29 33 37 34 32 30 35 31 38 36 42 41 39 40 44 45 43 48 47 46
0 1
1 1
2 1
3 1
4 1
5 0
6 0
7 0
8 0
9 1
10 0
11 1
12 1
13 1
14 0
15 0
16 1
17 0
18 0
19 0
20 0
21 1
22 1
23 1
24 1
25 1
26 1
27 0
28 1
29 1
30 0
31 0
32 0
33 0
34 1
35 1
36 0
37 1
38 1
39 0
40 0
41 1
42 0
43 1
44 0
45 0
46 0
47 0
48 0
