25 25 2
0 0
0 0
0 1 2 3 4 5 6 7 8 9 10 11 12 13 14 15 16 17 18 19 20 21 22 23 24 25 26 27 28 29 30 31 32 33 34 35 36 37 38 39 40 41 42 43 44 45 46 47 48 49 50 51 52 53 54
0 1 2 4 5 3 7 6 8 10 9 11 13 12 16 14 17 15 18 19 20 24 23 21 22 25 27 26 29 31 30 28 33 39 34 32 35 36 41 37 38 42 46 43 44 50 47 45 49 40 48 51 52 53 54
0 1 3 4 5 2 6 11 8 7 10 13 12 16 14 17 15 9 18 19 20 24 23 21 22 27 25 26 30 31 29 28 33 34 32 41 35 39 36 37 38 43 46 42 44 47 50 45 40 48 51 49 53 52 54
0 1 2 4 5 3 7 6 10 8 11 13 16 9 12 15 17 19 18 14 20 24 22 21 23 27 26 25 31 30 28 33 29 39 34 32 35 37 38 43 41 36 51 46 42 47 44 49 40 45 50 48 53 54 52
0 1 3 4 5 2 7 6 11 8 10 13 12 19 14 15 16 17 9 24 23 27 20 25 18 22 29 21 26 30 31 28 35 33 34 38 32 39 42 41 46 37 36 44 50 49 43 47 52 48 40 51 54 45 53
0 1 3 4 6 2 5 12 7 8 11 10 14 13 15 16 17 9 19 18 20 24 23 21 25 22 27 26 30 28 31 29 33 32 34 39 41 35 36 38 37 42 46 43 44 50 47 45 49 40 48 51 53 54 52
1 0 4 5 3 11 2 6 8 12 7 10 14 15 18 22 9 16 21 24 13 26 25 17 19 23 27 20 34 32 29 38 31 30 28 33 41 35 36 46 40 37 42 39 45 47 43 52 49 44 51 48 50 54 53
0 1 11 2 4 3 5 6 7 8 10 13 12 16 15 17 9 18 20 14 19 23 24 22 25 27 26 21 30 29 28 31 33 32 34 39 36 46 35 38 37 44 41 42 47 43 48 45 49 40 51 52 50 53 54
0 1 2 4 6 3 7 5 10 8 11 15 16 19 9 14 12 18 20 13 17 23 24 27 25 26 29 21 22 28 30 31 32 33 36 34 35 39 41 38 43 44 46 37 42 50 47 51 48 53 40 45 52 54 49
0 1 2 4 8 3 5 6 7 11 9 13 10 12 14 15 16 17 21 19 20 24 18 23 25 22 26 27 31 29 28 30 33 34 32 39 41 36 35 38 37 42 46 44 49 43 50 47 40 48 51 45 54 52 53
0 1 3 4 5 2 7 6 11 8 10 14 13 19 12 24 15 16 17 9 23 21 27 22 18 30 25 29 20 31 38 26 35 28 41 42 34 46 32 33 37 39 36 44 49 43 52 40 50 51 48 47 45 54 53
0 1 6 4 3 2 7 5 10 8 13 11 14 12 15 17 16 9 20 19 18 25 24 23 22 27 26 21 30 31 29 28 33 39 32 36 34 35 38 41 37 42 46 50 43 44 47 48 45 49 40 53 52 51 54
0 1 2 4 6 3 7 5 8 10 13 9 11 16 15 14 17 12 20 19 24 18 23 26 22 27 29 21 28 25 30 31 33 36 39 32 34 35 41 38 37 44 46 42 49 54 43 50 47 40 51 45 48 52 53
0 1 3 4 5 2 7 6 8 17 10 12 13 19 14 15 9 27 23 18 24 20 25 16 22 21 28 11 26 34 42 31 29 39 30 35 41 38 37 32 51 33 46 43 44 52 36 40 49 50 47 45 48 54 53
0 2 3 1 4 5 7 6 8 15 13 10 11 12 14 16 17 20 9 19 21 18 24 22 25 26 23 29 31 27 28 30 34 33 39 32 49 38 36 41 35 37 46 44 42 43 40 48 47 45 50 53 52 54 51
3 1 2 4 0 5 10 13 7 6 16 11 15 19 8 17 12 14 9 27 30 20 22 24 26 25 29 33 21 31 28 35 34 18 23 43 38 32 39 42 45 51 37 36 47 50 44 41 46 40 53 48 52 49 54
0 1 3 4 2 6 5 7 10 8 13 12 15 14 16 9 19 11 24 17 20 26 23 27 29 21 18 25 22 30 31 28 35 36 33 34 41 38 39 32 44 40 46 42 37 43 53 48 50 47 52 49 51 45 54
0 4 1 6 3 2 7 5 11 19 8 17 12 10 22 15 13 24 9 23 16 20 14 27 29 25 18 30 26 34 38 28 31 21 33 35 41 42 32 36 39 43 46 37 49 50 53 40 47 51 44 54 45 48 52
0 1 3 4 5 11 2 6 10 14 8 7 13 17 12 15 16 9 19 18 23 20 24 22 25 34 21 27 26 29 28 31 33 32 39 35 38 42 41 36 43 37 30 46 44 40 50 47 45 48 53 54 52 49 51
0 1 3 4 5 11 2 6 7 8 10 13 12 19 14 15 24 16 9 17 23 20 27 25 26 18 22 31 21 30 29 28 34 33 32 41 35 39 38 42 36 37 46 44 48 50 43 47 40 53 49 52 45 51 54
0 1 3 4 5 11 2 6 7 8 10 13 12 19 14 15 16 17 9 24 23 20 27 25 26 18 22 31 21 30 29 34 28 33 32 41 35 39 38 42 36 46 37 44 48 43 49 40 50 47 52 51 53 45 54
0 1 2 4 6 3 7 5 10 8 11 13 12 16 17 15 9 19 18 14 23 20 24 22 26 25 27 21 31 29 28 33 30 34 39 32 35 36 37 41 38 43 46 44 42 47 50 45 49 40 48 51 53 54 52
0 1 3 4 5 2 11 6 7 8 10 13 16 9 12 15 17 18 14 20 23 24 27 21 22 25 19 26 30 31 29 28 33 34 39 32 36 37 35 41 38 43 46 42 44 50 45 47 48 51 53 40 52 49 54
0 1 6 4 5 3 7 11 2 8 13 10 16 17 15 25 9 19 12 23 18 14 24 20 31 30 29 22 21 34 27 32 39 28 36 38 37 26 46 33 35 51 41 43 42 44 48 47 40 53 50 45 49 54 52
0 1 2 4 5 3 6 8 7 15 10 11 13 17 12 14 16 19 9 24 18 20 23 22 30 26 27 21 25 29 28 33 31 35 34 39 43 41 38 37 51 36 47 46 42 32 50 44 40 45 48 54 53 52 49
0 1
1 1
2 1
3 0
4 1
5 1
6 1
7 0
8 1
9 1
10 1
11 0
12 0
13 1
14 0
15 0
16 1
17 0
18 1
19 1
20 0
21 0
22 1
23 1
24 0
25 1
26 0
27 0
28 0
29 1
30 1
31 0
32 0
33 1
34 1
35 1
36 1
37 0
38 0
39 1
40 1
41 0
42 1
43 0
44 0
45 0
46 0
47 0
48 0
49 1
50 0
51 0
52 0
53 1
54 0
