25 25 2
0 0
0 0
0 1 2 3 4 5 6 7 8 9 10 11 12 13 14 15 16 17 18 19 20 21 22 23 24 25 26 27 28 29 30 31 32 33 34 35 36 37 38 39 40 41 42 43 44 45 46 47 48 49 50 51 52 53
1 2 0 5 3 4 7 6 8 10 9 13 11 16 15 14 12 21 20 17 18 22 19 27 24 32 28 23 26 30 31 34 25 33 29 35 40 38 36 37 39 43 41 42 44 45 47 48 46 49 50 51 52 53
1 2 0 3 5 4 7 6 8 10 9 11 15 19 12 14 21 20 16 13 17 18 22 23 24 27 28 26 25 30 32 33 29 31 34 36 41 35 38 37 40 39 42 44 49 43 48 47 46 45 50 51 52 53
1 2 0 3 5 4 7 6 11 10 9 8 13 18 14 21 16 12 20 15 27 17 26 19 30 22 24 23 31 32 29 33 25 40 34 28 36 35 38 39 37 41 43 44 42 49 47 48 45 46 50 51 52 53
1 2 0 3 6 4 5 7 8 10 9 11 13 15 12 14 17 16 18 20 19 21 22 24 23 27 26 28 29 32 33 30 25 31 34 38 36 40 35 37 42 39 41 49 44 43 47 46 48 45 51 50 52 53
1 3 0 2 5 4 6 10 7 8 9 11 13 15 17 12 16 20 14 21 18 19 22 23 24 27 28 25 26 32 29 33 30 31 34 36 40 38 37 41 35 39 44 42 49 43 46 48 45 50 47 51 52 53
1 2 0 5 3 4 8 6 7 11 13 9 10 17 15 20 12 32 18 22 19 21 16 27 30 23 14 26 24 29 33 39 25 41 31 34 37 28 38 36 35 47 40 42 43 49 48 50 45 46 44 53 52 51
1 0 3 2 5 6 7 4 8 10 9 11 13 16 12 15 14 21 18 17 23 20 19 22 27 28 32 25 24 29 26 33 30 31 36 34 35 40 38 37 39 45 42 41 43 44 47 48 49 46 52 50 51 53
1 0 3 2 5 6 7 4 8 10 9 11 13 16 15 12 17 20 14 22 21 28 24 18 19 23 25 31 27 26 32 33 30 34 29 37 40 38 35 36 39 41 43 42 49 44 46 48 45 50 47 52 51 53
1 3 0 5 4 6 2 10 7 8 9 13 11 15 16 14 17 12 28 19 23 20 21 22 24 27 33 18 25 26 30 29 32 31 34 36 35 40 38 37 42 39 41 49 44 43 51 48 47 45 46 52 50 53
1 2 0 4 3 6 5 10 7 11 9 8 13 15 21 12 16 20 14 19 22 28 17 30 18 24 26 32 29 27 33 25 23 34 31 37 38 36 42 41 35 50 40 39 44 48 47 43 46 52 49 51 45 53
1 2 0 3 5 4 6 10 7 8 9 11 13 16 12 14 15 21 17 20 19 18 24 23 22 27 25 28 26 33 31 29 32 34 36 41 30 37 38 35 39 40 42 51 44 49 43 48 46 45 47 50 52 53
1 0 3 2 5 4 7 6 8 10 9 11 13 17 12 15 14 16 20 21 23 26 19 18 30 24 31 28 27 25 22 32 33 34 29 36 40 38 37 35 39 41 47 49 44 42 43 51 52 46 45 48 50 53
1 2 0 5 3 6 7 4 8 10 9 11 13 16 12 15 14 21 18 17 20 22 27 19 24 26 32 28 23 30 29 25 33 31 34 36 40 35 38 39 37 42 41 45 44 43 47 48 49 46 50 51 52 53
1 2 0 5 3 6 8 4 7 10 9 11 13 23 14 16 15 12 17 20 18 19 22 21 24 29 32 27 28 25 26 30 34 31 33 37 36 41 38 35 40 39 42 44 43 48 52 46 45 49 51 47 50 53
1 5 0 2 3 6 4 11 7 10 17 8 14 9 13 32 21 18 12 16 20 15 27 30 19 31 24 26 23 29 34 22 33 36 35 39 25 38 46 45 37 52 41 28 40 49 42 47 50 43 48 51 44 53
1 0 5 2 3 6 4 7 10 11 8 9 12 13 14 15 28 16 17 21 23 20 18 19 24 33 31 27 25 29 22 34 26 30 32 38 37 41 35 40 36 39 44 42 43 49 47 48 46 45 51 52 50 53
1 5 0 2 3 4 7 6 8 10 13 11 9 15 22 14 30 27 12 20 21 16 24 17 31 32 26 40 18 28 23 29 19 33 25 36 38 34 35 37 50 46 44 41 43 42 39 47 48 51 45 49 52 53
1 0 3 2 5 6 7 4 11 10 9 8 13 15 23 12 19 17 14 20 22 16 33 29 21 18 28 24 25 27 32 30 34 26 31 40 37 38 36 42 41 35 49 39 44 51 43 48 45 46 47 52 50 53
1 0 3 2 5 6 7 4 11 10 9 8 13 15 16 12 17 20 14 22 28 23 19 21 27 18 33 32 25 24 29 30 31 26 34 36 37 38 35 42 40 39 41 44 43 51 48 45 49 47 46 52 50 53
1 0 3 2 5 4 7 6 8 10 9 11 13 15 12 16 14 17 20 21 18 19 23 22 24 27 28 26 30 25 32 33 31 34 29 36 37 40 38 35 42 39 41 44 43 49 47 48 46 45 52 51 50 53
1 2 0 5 3 6 7 4 8 10 9 11 13 16 12 15 14 17 20 21 18 19 23 22 24 27 28 26 25 33 31 30 29 32 34 36 35 40 38 37 42 39 41 44 43 49 47 46 48 45 50 51 52 53
1 2 0 4 3 6 5 7 8 10 9 11 17 12 20 14 15 16 18 19 21 24 13 27 23 22 26 32 29 25 28 31 33 30 38 34 36 40 35 42 37 41 43 49 39 44 48 46 45 51 50 52 47 53
1 2 0 3 5 6 4 10 7 8 9 11 13 16 14 18 15 21 25 17 20 23 31 28 24 29 30 32 22 12 37 33 19 34 27 26 36 41 39 35 38 48 40 42 47 44 43 49 45 50 46 51 52 53
1 5 0 3 7 2 6 10 8 4 9 11 13 21 12 16 14 15 20 30 22 40 17 26 24 27 32 36 19 28 25 33 18 23 29 34 35 38 37 31 45 43 42 41 39 44 48 47 50 46 52 51 49 53
0 1
1 0
2 1
3 1
4 1
5 1
6 1
7 1
8 1
9 0
10 0
11 0
12 0
13 0
14 0
15 1
16 1
17 0
18 1
19 0
20 1
21 1
22 1
23 0
24 0
25 0
26 0
27 1
28 1
29 0
30 0
31 1
32 0
33 0
34 1
35 0
36 1
37 0
38 0
39 0
40 0
41 1
42 1
43 1
44 1
45 0
46 0
47 0
48 0
49 1
50 0
51 0
52 0
53 1
