25 25 2
0 0
0 0
0 1 2 3 4 5 6 7 8 9 10 11 12 13 14 15 16 17 18 19 20 21 22 23 24 25 26 27 28 29 30 31 32 33 34 35 36 37 38 39 40 41 42 43 44 45 46 47 48 49 50 51 52 53 54 55 56 57
0 1 3 2 4 5 6 8 7 13 9 10 17 11 18 12 19 16 14 15 28 21 25 26 20 24 22 23 29 37 32 27 31 33 30 34 41 40 36 39 38 42 35 44 43 45 48 53 46 49 47 52 57 51 56 54 50 55
0 1 3 2 4 5 6 7 9 8 11 10 13 18 12 17 16 15 21 14 19 20 25 26 24 22 28 23 29 27 41 32 37 31 34 30 33 36 35 39 42 38 40 44 43 46 48 45 53 49 47 50 51 52 57 54 56 55
0 1 3 2 6 4 5 9 8 7 13 10 11 17 18 12 16 28 14 19 15 21 25 20 26 22 29 24 23 27 32 34 31 37 41 30 33 36 39 40 38 42 35 44 43 48 46 49 53 45 47 57 56 52 51 54 50 55
0 1 3 2 4 5 6 7 9 8 10 13 11 18 12 16 19 17 14 15 20 21 24 23 22 26 25 27 28 31 30 29 32 35 37 33 34 36 41 40 39 38 44 42 43 48 53 45 46 49 47 50 51 52 56 57 54 55
1 3 0 6 2 5 7 4 9 8 10 12 13 11 18 17 19 16 14 15 21 23 20 22 24 25 26 31 28 32 27 29 30 37 33 41 34 36 35 40 39 42 38 44 43 48 46 53 49 45 47 50 51 52 57 54 56 55
0 1 4 9 2 3 12 8 7 5 6 10 13 11 23 16 19 17 15 25 28 18 21 26 31 24 22 20 29 14 42 32 34 41 43 35 27 37 38 30 39 33 49 48 44 40 36 45 47 53 55 50 51 56 52 57 46 54
0 1 3 2 4 7 5 9 8 6 11 13 10 18 12 16 19 17 23 15 21 28 14 20 24 25 22 26 27 31 30 33 32 29 37 41 35 40 36 39 42 45 34 44 43 38 48 47 46 49 53 52 51 50 57 56 54 55
1 0 3 2 6 4 7 5 9 8 13 10 12 11 18 19 15 14 23 16 20 17 24 21 22 25 28 26 31 27 34 30 29 37 33 41 32 35 40 45 36 39 42 44 48 43 38 46 53 49 52 47 50 57 55 54 56 51
0 1 3 2 4 7 11 5 9 8 6 10 13 18 12 16 17 15 14 41 19 21 23 20 22 25 28 26 24 27 29 37 31 35 30 42 36 34 32 33 39 46 40 44 43 38 50 45 53 48 49 47 51 52 57 56 54 55
0 1 3 6 2 4 9 7 5 8 11 13 10 18 12 17 19 15 23 21 16 22 24 20 28 14 26 25 27 29 30 34 31 35 36 41 32 43 39 38 37 33 49 44 40 42 48 47 46 45 57 52 53 51 50 56 54 55
0 1 3 2 4 5 6 7 13 8 9 11 10 12 16 19 18 17 14 15 23 21 20 32 25 26 28 22 24 27 30 31 37 34 29 36 33 40 41 38 35 39 42 44 43 48 45 46 53 49 47 51 52 50 54 56 57 55
1 0 3 2 4 5 6 7 9 13 10 18 8 11 16 12 17 28 23 15 20 19 31 24 22 25 27 33 36 14 26 21 35 32 29 40 30 41 39 37 42 38 44 48 43 50 46 47 45 34 51 49 52 53 57 54 55 56
0 1 2 3 4 5 8 6 7 9 18 12 10 19 13 16 11 15 23 24 20 22 26 14 17 25 28 37 21 31 27 32 33 40 30 36 29 41 35 34 38 42 39 43 44 48 45 53 49 50 46 47 57 51 56 52 55 54
0 1 3 2 4 5 6 7 9 8 13 10 11 14 12 17 19 25 18 16 15 21 23 22 20 26 24 31 28 29 32 27 41 34 40 33 38 35 42 37 36 30 43 44 39 48 45 51 47 46 49 50 53 52 57 54 56 55
2 1 0 5 4 3 6 9 8 12 11 10 19 17 7 13 26 24 28 16 21 23 22 15 18 30 20 25 32 37 29 14 34 41 39 27 31 40 44 49 46 42 33 38 50 43 35 36 53 45 48 47 54 56 51 52 57 55
1 0 2 5 4 3 9 7 8 13 6 19 12 10 18 11 16 23 15 20 17 24 22 26 28 21 14 34 31 25 27 29 37 33 32 41 35 40 39 36 38 43 44 30 48 45 42 47 46 51 53 49 52 57 54 56 55 50
6 3 4 0 2 1 7 5 9 8 10 12 11 17 19 13 15 22 14 27 28 21 16 26 23 18 25 24 20 29 30 31 32 36 41 42 37 35 49 33 39 34 38 44 40 43 47 46 56 57 45 48 52 51 53 50 54 55
0 3 1 2 4 8 7 5 9 12 6 10 13 19 11 16 17 18 15 26 23 21 14 24 22 25 20 28 33 32 27 30 31 37 40 29 42 41 39 38 35 36 34 44 43 45 47 48 46 49 53 50 51 52 57 56 55 54
0 1 2 4 3 8 6 5 11 7 9 10 13 19 18 12 16 15 17 23 22 21 14 20 24 25 28 26 27 31 37 32 39 29 30 35 33 34 40 36 41 38 44 42 43 48 46 47 53 45 49 57 51 52 50 56 54 55
0 1 3 2 4 5 7 9 8 6 11 10 13 18 12 19 16 17 15 20 23 21 14 22 24 25 26 31 28 27 32 33 30 35 37 36 34 42 29 41 40 39 44 38 43 48 46 45 53 49 47 50 52 51 57 56 55 54
2 1 3 6 0 4 7 8 5 13 11 9 19 18 10 14 12 15 17 16 23 21 25 32 20 24 26 28 27 22 34 30 29 37 41 40 35 36 31 38 33 39 42 43 44 47 45 48 46 49 52 51 53 54 50 56 57 55
1 0 4 2 5 3 6 7 9 8 10 12 11 17 13 16 21 18 14 19 15 20 26 24 25 28 22 23 27 34 30 37 29 41 33 35 31 32 38 36 40 39 42 44 43 48 45 46 50 47 53 54 51 49 56 52 55 57
0 2 3 1 5 4 13 8 17 14 6 7 9 10 11 18 24 26 12 22 28 21 27 16 19 29 15 34 20 32 25 23 35 30 31 38 40 33 41 42 37 36 46 54 43 53 47 48 45 39 51 44 49 50 52 55 57 56
0 1 2 4 3 8 5 13 9 7 6 11 10 18 12 17 25 28 14 19 24 15 16 21 22 20 23 29 27 26 31 32 33 37 42 30 34 36 38 41 49 39 35 44 40 43 45 57 53 46 56 48 47 52 51 50 55 54
0 1
1 1
2 0
3 0
4 1
5 1
6 0
7 1
8 1
9 1
10 1
11 1
12 1
13 0
14 1
15 1
16 0
17 0
18 1
19 0
20 1
21 0
22 1
23 0
24 0
25 0
26 1
27 1
28 0
29 0
30 0
31 0
32 1
33 1
34 1
35 0
36 0
37 0
38 1
39 0
40 0
41 1
42 1
43 1
44 0
45 0
46 1
47 0
48 1
49 0
50 1
51 0
52 0
53 0
54 0
55 0
56 0
57 0
