25 25 2
0 0
0 0
0 1 2 3 4 5 6 7 8 9 10 11 12 13 14 15 16 17 18 19 20 21 22 23 24 25 26 27 28 29 30 31 32 33 34 35 36 37 38 39 40 41 42 43 44 45 46 47 48 49 50 51 52 53 54
1 0 3 2 4 5 7 6 8 9 11 10 12 15 13 14 17 16 20 21 18 28 24 19 29 22 23 25 30 26 27 32 31 36 34 33 35 37 42 38 39 40 45 51 46 41 43 44 48 47 49 52 54 53 50
1 0 3 2 5 4 10 6 7 11 8 15 13 9 16 14 17 20 22 19 24 21 28 12 23 18 26 29 27 25 32 31 33 37 30 42 36 34 39 35 43 46 45 40 38 48 41 44 47 51 54 50 49 53 52
2 1 0 3 4 5 7 6 8 10 12 9 11 15 13 21 14 17 16 24 18 20 28 19 29 26 22 30 25 27 23 35 32 31 33 34 36 40 37 39 43 42 45 38 48 51 41 44 47 49 46 53 52 54 50
2 1 0 3 4 6 7 5 8 9 12 11 10 15 13 14 19 16 17 21 20 28 24 18 26 25 22 29 27 23 30 32 31 35 36 33 34 37 38 39 41 40 42 45 46 44 47 43 48 51 50 49 53 54 52
1 0 3 2 5 4 7 10 8 6 9 11 17 15 12 13 21 20 16 28 14 22 24 18 19 29 32 25 23 26 27 30 33 36 31 37 34 38 35 42 39 45 40 41 51 46 48 44 43 49 52 50 54 47 53
1 0 8 4 2 3 6 9 7 5 28 10 12 21 15 13 11 14 20 18 29 16 32 30 24 17 19 25 22 39 34 36 37 31 33 26 38 23 46 27 48 42 45 49 35 40 41 43 54 52 44 51 53 47 50
2 1 0 3 8 4 5 6 7 10 9 13 15 11 12 14 18 17 16 21 20 28 24 19 23 26 22 25 29 30 27 32 33 36 34 31 37 35 38 39 42 41 40 51 46 45 43 48 44 47 49 53 52 54 50
1 0 2 3 4 6 8 5 7 10 9 11 13 15 16 14 12 17 20 21 19 28 24 18 29 30 22 25 23 32 31 26 36 27 35 34 33 39 37 41 38 40 42 45 51 46 44 43 47 52 48 49 50 53 54
1 0 3 2 4 6 8 5 7 9 11 13 10 15 17 16 12 20 22 21 24 18 28 19 30 29 23 32 25 27 31 37 36 33 34 26 42 35 40 39 38 41 45 48 46 44 51 54 43 47 49 52 53 50 14
2 1 0 3 12 4 8 6 11 5 7 15 10 9 13 14 16 17 20 21 19 18 28 29 32 24 23 22 25 34 27 26 30 33 31 36 37 42 38 39 35 51 48 49 40 45 50 47 43 41 54 46 52 53 44
1 0 3 2 5 6 8 4 7 10 9 11 13 15 12 17 18 21 16 28 22 20 19 14 29 24 26 25 30 23 36 32 27 37 34 33 31 38 35 42 39 41 40 48 45 51 46 44 43 54 47 52 49 50 53
2 1 0 8 4 6 7 5 3 9 15 13 11 12 10 17 19 14 16 21 24 28 22 32 18 30 23 25 20 26 29 31 27 36 34 35 33 42 37 38 39 51 45 46 40 41 47 54 44 48 49 50 53 43 52
2 1 0 3 4 5 8 6 7 10 9 13 12 11 15 14 17 16 20 21 24 19 28 18 29 23 26 22 30 32 27 25 35 31 36 33 34 37 40 38 39 42 45 41 51 46 47 44 43 48 49 53 50 54 52
1 3 0 2 7 4 5 9 12 10 13 8 18 6 11 32 17 15 16 21 19 20 28 24 22 25 36 23 27 14 30 31 29 33 42 34 35 26 37 39 41 48 38 46 40 45 51 43 44 54 47 49 53 50 52
2 1 0 3 4 6 11 10 8 13 21 15 5 7 9 12 34 24 16 18 25 32 36 20 26 19 27 30 28 31 14 22 35 17 29 37 38 42 33 23 39 44 48 40 46 45 43 41 47 52 51 49 54 50 53
1 0 3 2 4 5 6 8 9 7 15 13 11 10 12 16 18 17 21 19 20 28 24 30 22 29 25 31 32 34 27 36 37 26 33 42 35 39 40 41 51 48 38 45 43 46 54 44 47 52 14 53 50 23 49
3 1 0 7 2 8 4 12 24 17 15 13 21 18 5 28 6 11 9 16 10 31 19 36 40 25 23 34 27 14 38 26 33 29 39 22 30 48 41 20 54 49 32 42 53 47 51 37 44 43 45 52 35 46 50
2 1 0 3 8 4 5 6 7 9 13 11 10 15 17 14 24 16 20 18 19 22 28 12 32 21 30 23 29 27 25 31 26 33 37 36 34 35 42 40 39 45 38 48 46 51 41 43 49 54 44 47 53 52 50
1 0 3 2 5 4 8 6 7 9 11 13 10 15 12 16 18 17 20 21 14 28 24 19 29 22 23 30 25 27 26 32 31 33 36 34 37 35 42 39 38 41 40 48 45 46 51 52 43 44 47 54 49 53 50
1 0 3 2 4 6 8 5 7 9 11 13 10 15 12 17 16 14 20 18 24 21 28 19 29 23 22 25 30 26 27 32 31 34 33 37 35 36 42 39 38 40 45 48 51 41 46 43 44 47 49 54 53 52 50
1 0 3 2 4 6 8 5 7 9 15 13 11 12 10 17 18 19 16 21 20 28 30 22 24 32 25 14 31 34 23 26 29 36 27 35 33 37 42 40 39 38 46 51 45 41 48 43 47 44 54 53 50 52 49
2 1 0 3 4 6 7 5 8 9 12 13 15 11 10 14 17 24 16 21 19 22 28 18 29 26 20 25 30 27 31 23 36 32 35 33 37 34 42 39 38 40 45 41 44 47 43 48 51 54 46 49 50 53 52
1 0 3 2 5 4 7 9 10 6 8 11 13 15 12 16 17 23 24 21 19 28 20 18 25 29 31 30 14 22 38 37 33 32 26 36 39 27 35 34 41 42 45 40 51 48 44 43 47 49 52 46 54 53 50
2 1 0 3 4 6 7 9 8 5 11 12 13 17 19 10 14 15 16 21 22 18 20 30 28 24 26 25 32 23 27 29 36 33 34 35 31 38 37 39 42 45 47 40 51 44 46 43 41 49 52 54 50 53 48
0 1
1 1
2 1
3 0
4 1
5 1
6 0
7 1
8 1
9 1
10 0
11 1
12 1
13 0
14 0
15 1
16 0
17 0
18 0
19 1
20 1
21 0
22 1
23 1
24 1
25 1
26 1
27 0
28 1
29 1
30 0
31 1
32 0
33 0
34 0
35 1
36 1
37 0
38 0
39 1
40 0
41 0
42 1
43 0
44 1
45 0
46 0
47 0
48 0
49 1
50 0
51 0
52 1
53 0
54 0
