25 25 2
0 0
0 0
0 1 2 3 4 5 6 7 8 9 10 11 12 13 14 15 16 17 18 19 20 21 22 23 24 25 26 27 28 29 30 31 32 33 34 35 36 37 38 39 40 41 42 43 44 45 46 47 48 49 50 51
0 2 1 3 5 6 4 9 10 8 7 11 12 13 14 16 18 20 15 19 23 25 17 21 22 26 24 28 29 32 35 27 33 31 30 34 41 38 39 42 43 40 36 47 44 45 37 48 46 49 50 51
0 2 1 3 5 8 6 10 4 7 9 13 16 11 12 14 17 20 15 19 23 25 28 18 22 21 32 26 35 27 24 31 29 30 34 33 37 39 43 36 41 42 38 40 45 44 47 48 46 49 50 51
0 3 1 2 5 6 4 10 7 9 8 11 12 14 13 16 15 20 19 18 23 25 21 17 26 22 24 28 33 27 35 29 31 32 30 34 36 41 37 38 42 48 39 40 43 45 47 44 46 49 50 51
0 3 1 2 4 5 7 6 10 9 8 11 12 14 13 15 19 16 17 18 20 23 25 22 28 21 26 24 29 31 32 27 35 34 33 30 42 37 41 36 39 40 48 38 43 44 47 45 46 50 49 51
0 2 1 3 4 5 7 6 9 10 11 13 8 14 12 16 15 18 17 20 23 19 25 21 22 26 28 24 29 31 32 27 35 33 30 34 37 36 41 38 47 39 42 40 43 45 48 44 46 49 51 50
0 3 1 2 4 5 6 10 13 9 8 12 7 19 14 18 11 16 15 20 25 30 28 23 17 32 21 35 27 22 26 33 41 36 24 43 40 38 29 31 37 34 39 47 44 42 49 48 50 46 45 51
0 2 1 3 5 6 4 9 8 10 11 12 7 18 16 15 13 20 19 14 23 17 21 22 26 24 25 28 29 27 35 32 33 30 31 41 43 36 45 34 37 39 42 38 40 44 47 48 46 49 51 50
0 2 1 3 5 6 4 9 10 8 11 7 12 13 18 14 15 16 19 17 20 22 21 28 23 26 25 24 29 31 30 34 33 27 37 41 36 39 43 32 38 40 47 42 45 46 48 44 49 51 50 35
0 2 1 3 5 6 4 7 11 10 9 12 15 8 13 14 17 16 18 19 20 23 22 25 28 21 26 24 29 31 34 35 30 32 33 27 41 39 43 38 37 36 42 40 45 48 47 44 46 50 49 51
0 4 1 3 2 5 6 8 13 10 7 11 9 12 16 17 20 18 23 15 19 14 22 32 21 35 24 30 27 25 28 33 29 26 31 34 36 45 37 41 42 40 38 43 39 44 46 47 48 49 50 51
0 3 1 2 5 6 9 10 8 4 7 11 13 12 16 15 18 20 19 14 23 25 22 17 21 28 35 24 26 27 30 29 31 33 37 34 41 38 36 42 32 39 40 43 44 45 47 46 48 49 50 51
0 2 1 3 5 6 4 8 11 10 9 7 12 13 16 14 19 18 15 20 22 25 21 17 23 28 26 29 27 32 24 31 35 30 33 37 41 43 39 34 42 38 48 40 44 45 36 47 49 46 50 51
0 2 1 3 5 6 4 10 7 9 8 11 12 13 14 16 15 20 19 18 23 25 17 21 22 26 24 28 29 35 27 33 31 30 37 34 41 36 38 42 39 40 43 47 48 44 45 32 46 49 50 51
3 0 4 1 2 14 5 6 13 10 9 11 7 12 28 15 8 18 19 16 17 22 25 26 29 23 20 21 31 24 33 30 40 27 34 36 32 38 37 41 42 35 39 47 43 46 48 45 44 50 49 51
0 3 1 9 2 4 12 5 6 10 19 15 8 7 13 11 16 14 20 25 18 23 17 22 26 28 21 33 30 27 29 24 31 35 38 32 34 43 40 47 41 36 45 44 46 48 39 37 49 51 42 50
0 2 1 3 4 5 9 6 8 10 11 12 7 18 15 13 22 19 14 16 17 28 20 26 21 23 25 24 29 27 31 30 33 42 34 41 36 37 38 39 40 47 46 43 45 44 48 32 49 50 51 35
0 2 1 9 3 6 4 5 7 10 12 11 15 8 18 16 13 20 19 14 21 23 17 22 33 26 24 28 27 25 32 35 29 30 31 37 41 39 43 34 38 47 40 42 36 46 44 48 45 50 51 49
0 2 1 3 5 6 4 10 7 13 9 8 14 12 11 15 17 16 18 21 20 19 23 28 22 25 26 24 31 29 35 30 32 33 27 34 36 43 48 37 39 41 40 38 47 44 45 46 42 49 50 51
0 2 1 3 5 6 4 7 9 10 11 8 12 13 18 15 14 16 17 19 20 23 28 22 21 35 29 25 26 24 31 32 30 33 34 27 39 41 36 43 38 37 40 47 42 44 45 46 48 49 50 51
0 2 1 3 5 6 4 9 8 10 7 11 12 13 18 15 16 14 19 20 23 17 21 22 28 26 25 24 29 27 35 33 31 32 30 41 37 43 34 36 39 40 38 42 45 47 44 48 46 49 50 51
0 2 1 3 5 6 4 8 7 10 9 11 12 13 18 15 19 16 14 17 20 22 23 25 26 21 24 28 29 31 27 30 33 35 32 34 41 37 38 39 42 40 43 36 45 48 44 47 46 50 49 51
0 3 1 2 5 6 10 8 4 7 9 11 12 14 13 15 18 16 17 19 20 25 23 22 24 26 21 28 27 33 29 32 30 35 31 34 37 40 48 44 42 36 43 38 47 41 39 46 45 50 49 51
0 4 1 3 5 6 2 9 10 8 12 11 7 14 13 16 18 20 21 15 17 23 25 22 19 27 28 26 24 29 32 33 34 35 30 40 31 36 37 41 42 39 38 47 45 44 49 43 46 48 50 51
3 1 0 2 5 6 4 10 7 9 8 11 12 13 18 15 16 20 19 14 17 32 23 21 26 25 22 24 27 30 28 29 35 31 37 33 41 39 45 34 42 38 43 48 36 44 47 40 46 49 50 51
0 1
1 1
2 1
3 1
4 0
5 1
6 1
7 1
8 0
9 1
10 0
11 1
12 1
13 1
14 1
15 0
16 0
17 0
18 1
19 0
20 0
21 0
22 1
23 1
24 1
25 1
26 1
27 1
28 1
29 0
30 1
31 0
32 0
33 0
34 1
35 0
36 0
37 0
38 0
39 0
40 0
41 0
42 1
43 0
44 0
45 0
46 0
47 1
48 1
49 1
50 1
51 0
